1 2267.92
2 253.09
3 494.129
4 77.4943
5 226.393
6 39.4939
7 138.928
8 25.826
9 102.011
10 19.6105
11 82.5557
12 16.1179
13 69.8628
14 13.7294
15 60.284
16 11.8857
17 52.5557
18 10.384
19 46.1407
20 9.13204
21 40.7453
22 8.07677
23 36.1777
24 7.18247
25 32.2994
26 6.42282
27 29.0034
28 5.77722
29 26.2034
30 5.22891
31 23.8277
32 4.76382
33 21.8149
34 4.3699
35 20.1119
36 4.03668
37 18.6724
38 3.755
39 17.4558
40 3.51686
41 16.4265
42 3.31525
43 15.5536
44 3.14411
45 14.8106
46 2.99822
47 14.1748
48 2.87314
49 13.6269
50 2.76514
51 13.1511
52 2.6711
53 12.7341
54 2.58848
55 12.3651
56 2.51517
57 12.0353
58 2.44948
59 11.7377
60 2.39004
61 11.4665
62 2.33575
63 11.2172
64 2.28571
65 10.986
66 2.23922
67 10.77
68 2.19571
69 10.5669
70 2.15472
71 10.3747
72 2.11587
73 10.1919
74 2.07888
75 10.0172
76 2.04349
77 9.84966
78 2.00951
79 9.68836
80 1.97677
81 9.53263
82 1.94514
83 9.38189
84 1.91451
85 9.23566
86 1.88477
87 9.09354
88 1.85586
89 8.95518
90 1.8277
91 8.82028
92 1.80024
93 8.68861
94 1.77343
95 8.55992
96 1.74721
97 8.43405
98 1.72157
99 8.31082
100 1.69645
101 8.19009
102 1.67184
103 8.07172
104 1.64771
105 7.95562
106 1.62404
107 7.84166
108 1.6008
109 7.72977
110 1.57798
111 7.61985
112 1.55556
113 7.51184
114 1.53353
115 7.40567
116 1.51187
117 7.30127
118 1.49057
119 7.1986
120 1.46962
121 7.09759
122 1.44901
123 6.9982
124 1.42873
125 6.90038
126 1.40877
127 6.8041
128 1.38913
129 6.70932
130 1.36978
131 6.61599
132 1.35074
133 6.52409
134 1.33198
135 6.43359
136 1.31351
137 6.34444
138 1.29531
139 6.25663
140 1.27739
141 6.17013
142 1.25974
143 6.08491
144 1.24234
145 6.00094
146 1.2252
147 5.91821
148 1.20832
149 5.83669
150 1.19167
151 5.75636
152 1.17528
153 5.67719
154 1.15912
155 5.59917
156 1.14319
157 5.52228
158 1.12749
159 5.44649
160 1.11202
161 5.37179
162 1.09677
163 5.29817
164 1.08174
165 5.22559
166 1.06693
167 5.15406
168 1.05233
169 5.08354
170 1.03793
171 5.01403
172 1.02374
173 4.94551
174 1.00975
175 4.87795
176 0.99596
177 4.81136
178 0.982365
179 4.7457
180 0.968962
181 4.68098
182 0.955748
183 4.61717
184 0.942721
185 4.55425
186 0.929877
187 4.49223
188 0.917215
189 4.43108
190 0.90473
191 4.37078
192 0.892421
193 4.31133
194 0.880284
195 4.25272
196 0.868318
197 4.19493
198 0.85652
199 4.13795
200 0.844887
201 4.08176
202 0.833416
203 4.02636
204 0.822106
205 3.97174
206 0.810954
207 3.91788
208 0.799957
209 3.86477
210 0.789114
211 3.81239
212 0.778422
213 3.76075
214 0.767879
215 3.70983
216 0.757483
217 3.65962
218 0.747231
219 3.6101
220 0.737122
221 3.56128
222 0.727153
223 3.51313
224 0.717323
225 3.46565
226 0.707629
227 3.41883
228 0.69807
229 3.37265
230 0.688643
231 3.32712
232 0.679347
233 3.28222
234 0.670179
235 3.23794
236 0.661139
237 3.19427
238 0.652223
239 3.1512
240 0.643431
241 3.10873
242 0.63476
243 3.06685
244 0.626209
245 3.02555
246 0.617776
247 2.98481
248 0.60946
249 2.94464
250 0.601258
251 2.90502
252 0.593169
253 2.86595
254 0.585191
255 2.82742
256 0.577324
257 2.78941
258 0.569565
259 2.75193
260 0.561912
261 2.71497
262 0.554365
263 2.67851
264 0.546922
265 2.64256
266 0.539581
267 2.60709
268 0.532341
269 2.57212
270 0.5252
271 2.53763
272 0.518157
273 2.50361
274 0.511212
275 2.47005
276 0.504361
277 2.43696
278 0.497604
279 2.40432
280 0.49094
281 2.37213
282 0.484367
283 2.34038
284 0.477885
285 2.30906
286 0.471491
287 2.27818
288 0.465185
289 2.24771
290 0.458965
291 2.21767
292 0.45283
293 2.18803
294 0.446779
295 2.1588
296 0.440811
297 2.12997
298 0.434924
299 2.10153
300 0.429118
301 2.07348
302 0.423392
303 2.04582
304 0.417743
305 2.01853
306 0.412172
307 1.99162
308 0.406677
309 1.96507
310 0.401257
311 1.93889
312 0.39591
313 1.91306
314 0.390637
315 1.88759
316 0.385436
317 1.86246
318 0.380306
319 1.83768
320 0.375245
321 1.81323
322 0.370254
323 1.78912
324 0.365331
325 1.76533
326 0.360475
327 1.74187
328 0.355685
329 1.71873
330 0.35096
331 1.69591
332 0.346299
333 1.67339
334 0.341703
335 1.65119
336 0.337168
337 1.62928
338 0.332696
339 1.60767
340 0.328284
341 1.58636
342 0.323933
343 1.56534
344 0.31964
345 1.5446
346 0.315407
347 1.52415
348 0.31123
349 1.50397
350 0.307111
351 1.48407
352 0.303048
353 1.46444
354 0.299039
355 1.44508
356 0.295086
357 1.42598
358 0.291186
359 1.40714
360 0.287339
361 1.38856
362 0.283545
363 1.37023
364 0.279802
365 1.35214
366 0.27611
367 1.33431
368 0.272469
369 1.31672
370 0.268877
371 1.29936
372 0.265333
373 1.28224
374 0.261838
375 1.26536
376 0.258391
377 1.2487
378 0.25499
379 1.23227
380 0.251636
381 1.21607
382 0.248327
383 1.20008
384 0.245063
385 1.18432
386 0.241843
387 1.16876
388 0.238668
389 1.15342
390 0.235535
391 1.13829
392 0.232446
393 1.12336
394 0.229398
395 1.10864
396 0.226391
397 1.09411
398 0.223426
399 1.07979
400 0.220501
401 1.06566
402 0.217615
403 1.05172
404 0.214769
405 1.03797
406 0.211962
407 1.0244
408 0.209193
409 1.01103
410 0.206462
411 0.997832
412 0.203767
413 0.984816
414 0.20111
415 0.971977
416 0.198488
417 0.959313
418 0.195903
419 0.946822
420 0.193352
421 0.934501
422 0.190837
423 0.922348
424 0.188355
425 0.91036
426 0.185908
427 0.898536
428 0.183493
429 0.886873
430 0.181112
431 0.875369
432 0.178763
433 0.864022
434 0.176446
435 0.852829
436 0.174161
437 0.84179
438 0.171907
439 0.830901
440 0.169684
441 0.82016
442 0.167491
443 0.809567
444 0.165328
445 0.799118
446 0.163195
447 0.788812
448 0.16109
449 0.778646
450 0.159015
451 0.76862
452 0.156968
453 0.758731
454 0.154948
455 0.748977
456 0.152957
457 0.739356
458 0.150993
459 0.729867
460 0.149055
461 0.720509
462 0.147144
463 0.711278
464 0.14526
465 0.702174
466 0.143401
467 0.693194
468 0.141568
469 0.684338
470 0.139759
471 0.675603
472 0.137976
473 0.666988
474 0.136217
475 0.658492
476 0.134482
477 0.650112
478 0.132771
479 0.641847
480 0.131084
481 0.633696
482 0.12942
483 0.625657
484 0.127778
485 0.617728
486 0.12616
487 0.609909
488 0.124563
489 0.602198
490 0.122989
491 0.594592
492 0.121436
493 0.587092
494 0.119905
495 0.579695
496 0.118394
497 0.5724
498 0.116905
499 0.565206
500 0.115436
501 0.558112
502 0.113988
503 0.551115
504 0.112559
505 0.544215
506 0.111151
507 0.537411
508 0.109762
509 0.530701
510 0.108392
511 0.524084
512 0.107041
513 0.517559
514 0.105708
515 0.511125
516 0.104395
517 0.504779
518 0.103099
519 0.498522
520 0.101822
521 0.492352
522 0.100562
523 0.486268
524 0.0993201
525 0.480269
526 0.0980952
527 0.474353
528 0.0968875
529 0.46852
530 0.0956966
531 0.462768
532 0.0945223
533 0.457096
534 0.0933644
535 0.451504
536 0.0922227
537 0.44599
538 0.091097
539 0.440554
540 0.0899871
541 0.435193
542 0.0888927
543 0.429908
544 0.0878137
545 0.424697
546 0.0867498
547 0.419559
548 0.0857009
549 0.414493
550 0.0846668
551 0.409499
552 0.0836472
553 0.404575
554 0.0826419
555 0.39972
556 0.0816509
557 0.394934
558 0.0806738
559 0.390216
560 0.0797106
561 0.385564
562 0.0787609
563 0.380979
564 0.0778248
565 0.376458
566 0.0769018
567 0.372001
568 0.075992
569 0.367608
570 0.0750951
571 0.363277
572 0.074211
573 0.359007
574 0.0733394
575 0.354799
576 0.0724803
577 0.35065
578 0.0716334
579 0.346561
580 0.0707986
581 0.34253
582 0.0699757
583 0.338557
584 0.0691646
585 0.33464
586 0.0683651
587 0.33078
588 0.0675771
589 0.326975
590 0.0668004
591 0.323225
592 0.0660349
593 0.319529
594 0.0652804
595 0.315886
596 0.0645367
597 0.312295
598 0.0638038
599 0.308757
600 0.0630814
601 0.305269
602 0.0623695
603 0.301832
604 0.0616679
605 0.298445
606 0.0609765
607 0.295107
608 0.0602951
609 0.291817
610 0.0596236
611 0.288575
612 0.0589619
613 0.285381
614 0.0583098
615 0.282233
616 0.0576672
617 0.279131
618 0.057034
619 0.276074
620 0.05641
621 0.273062
622 0.0557952
623 0.270094
624 0.0551894
625 0.26717
626 0.0545925
627 0.264288
628 0.0540043
629 0.261449
630 0.0534248
631 0.258652
632 0.0528538
633 0.255896
634 0.0522913
635 0.25318
636 0.051737
637 0.250505
638 0.051191
639 0.247869
640 0.050653
641 0.245273
642 0.050123
643 0.242715
644 0.0496009
645 0.240195
646 0.0490865
647 0.237712
648 0.0485798
649 0.235266
650 0.0480806
651 0.232857
652 0.0475889
653 0.230484
654 0.0471045
655 0.228146
656 0.0466274
657 0.225843
658 0.0461574
659 0.223575
660 0.0456944
661 0.221341
662 0.0452384
663 0.21914
664 0.0447892
665 0.216972
666 0.0443468
667 0.214837
668 0.0439111
669 0.212734
670 0.0434819
671 0.210663
672 0.0430592
673 0.208624
674 0.0426429
675 0.206615
676 0.0422328
677 0.204636
678 0.041829
679 0.202687
680 0.0414313
681 0.200768
682 0.0410397
683 0.198878
684 0.0406539
685 0.197017
686 0.0402741
687 0.195184
688 0.0399
689 0.193379
690 0.0395316
691 0.191602
692 0.0391689
693 0.189851
694 0.0388116
695 0.188128
696 0.0384599
697 0.18643
698 0.0381135
699 0.184759
700 0.0377723
701 0.183113
702 0.0374365
703 0.181492
704 0.0371057
705 0.179897
706 0.03678
707 0.178325
708 0.0364594
709 0.176778
710 0.0361436
711 0.175255
712 0.0358327
713 0.173754
714 0.0355266
715 0.172277
716 0.0352251
717 0.170823
718 0.0349283
719 0.169391
720 0.0346361
721 0.167981
722 0.0343483
723 0.166593
724 0.034065
725 0.165226
726 0.0337861
727 0.16388
728 0.0335114
729 0.162555
730 0.0332409
731 0.16125
732 0.0329747
733 0.159965
734 0.0327125
735 0.158701
736 0.0324544
737 0.157455
738 0.0322002
739 0.156229
740 0.0319499
741 0.155021
742 0.0317035
743 0.153833
744 0.0314609
745 0.152662
746 0.031222
747 0.151509
748 0.0309868
749 0.150375
750 0.0307552
751 0.149257
752 0.0305271
753 0.148157
754 0.0303026
755 0.147073
756 0.0300815
757 0.146006
758 0.0298637
759 0.144956
760 0.0296493
761 0.143922
762 0.0294382
763 0.142903
764 0.0292303
765 0.1419
766 0.0290256
767 0.140912
768 0.028824
769 0.139939
770 0.0286255
771 0.138981
772 0.0284299
773 0.138038
774 0.0282374
775 0.137109
776 0.0280478
777 0.136193
778 0.027861
779 0.135292
780 0.0276771
781 0.134404
782 0.0274959
783 0.13353
784 0.0273174
785 0.132669
786 0.0271417
787 0.131821
788 0.0269685
789 0.130985
790 0.026798
791 0.130162
792 0.02663
793 0.129351
794 0.0264645
795 0.128553
796 0.0263015
797 0.127766
798 0.0261408
799 0.12699
800 0.0259826
801 0.126226
802 0.0258267
803 0.125474
804 0.025673
805 0.124732
806 0.0255217
807 0.124001
808 0.0253725
809 0.123281
810 0.0252255
811 0.122572
812 0.0250806
813 0.121872
814 0.0249379
815 0.121183
816 0.0247972
817 0.120504
818 0.0246585
819 0.119834
820 0.0245218
821 0.119174
822 0.024387
823 0.118523
824 0.0242542
825 0.117882
826 0.0241232
827 0.117249
828 0.0239941
829 0.116626
830 0.0238668
831 0.116011
832 0.0237413
833 0.115405
834 0.0236175
835 0.114807
836 0.0234955
837 0.114217
838 0.0233751
839 0.113636
840 0.0232564
841 0.113062
842 0.0231393
843 0.112497
844 0.0230238
845 0.111939
846 0.0229098
847 0.111388
848 0.0227974
849 0.110845
850 0.0226865
851 0.110309
852 0.0225771
853 0.10978
854 0.0224691
855 0.109258
856 0.0223625
857 0.108743
858 0.0222573
859 0.108235
860 0.0221535
861 0.107733
862 0.0220511
863 0.107238
864 0.0219499
865 0.106749
866 0.0218501
867 0.106267
868 0.0217515
869 0.10579
870 0.0216542
871 0.105319
872 0.0215581
873 0.104855
874 0.0214632
875 0.104396
876 0.0213694
877 0.103942
878 0.0212768
879 0.103495
880 0.0211854
881 0.103052
882 0.021095
883 0.102615
884 0.0210058
885 0.102184
886 0.0209176
887 0.101757
888 0.0208304
889 0.101335
890 0.0207443
891 0.100919
892 0.0206592
893 0.100507
894 0.0205751
895 0.1001
896 0.0204919
897 0.0996977
898 0.0204097
899 0.0992999
900 0.0203284
901 0.0989066
902 0.0202481
903 0.0985176
904 0.0201686
905 0.098133
906 0.02009
907 0.0977527
908 0.0200123
909 0.0973765
910 0.0199354
911 0.0970043
912 0.0198594
913 0.0966361
914 0.0197842
915 0.0962719
916 0.0197097
917 0.0959115
918 0.0196361
919 0.0955549
920 0.0195632
921 0.0952019
922 0.0194911
923 0.0948526
924 0.0194197
925 0.0945069
926 0.019349
927 0.0941646
928 0.0192791
929 0.0938257
930 0.0192098
931 0.0934902
932 0.0191412
933 0.093158
934 0.0190733
935 0.0928291
936 0.0190061
937 0.0925033
938 0.0189395
939 0.0921806
940 0.0188735
941 0.0918609
942 0.0188082
943 0.0915442
944 0.0187435
945 0.0912305
946 0.0186793
947 0.0909197
948 0.0186158
949 0.0906116
950 0.0185528
951 0.0903064
952 0.0184904
953 0.0900039
954 0.0184285
955 0.089704
956 0.0183672
957 0.0894067
958 0.0183065
959 0.0891121
960 0.0182462
961 0.0888199
962 0.0181865
963 0.0885302
964 0.0181272
965 0.088243
966 0.0180685
967 0.0879581
968 0.0180103
969 0.0876756
970 0.0179525
971 0.0873953
972 0.0178952
973 0.0871174
974 0.0178383
975 0.0868416
976 0.0177819
977 0.086568
978 0.017726
979 0.0862965
980 0.0176705
981 0.0860272
982 0.0176154
983 0.0857599
984 0.0175607
985 0.0854946
986 0.0175065
987 0.0852313
988 0.0174526
989 0.0849699
990 0.0173992
991 0.0847105
992 0.0173461
993 0.0844529
994 0.0172934
995 0.0841972
996 0.0172411
997 0.0839433
998 0.0171892
999 0.0836912
1000 0.0171376
1001 0.0834408
1002 0.0170864
1003 0.0831922
1004 0.0170355
1005 0.0829452
1006 0.016985
1007 0.0826999
1008 0.0169348
1009 0.0824562
1010 0.016885
1011 0.0822142
1012 0.0168354
1013 0.0819737
1014 0.0167862
1015 0.0817347
1016 0.0167374
1017 0.0814973
1018 0.0166888
1019 0.0812614
1020 0.0166405
1021 0.081027
1022 0.0165926
1023 0.080794
1024 0.0165449
1025 0.0805624
1026 0.0164975
1027 0.0803322
1028 0.0164504
1029 0.0801034
1030 0.0164036
1031 0.079876
1032 0.0163571
1033 0.0796499
1034 0.0163108
1035 0.0794251
1036 0.0162648
1037 0.0792016
1038 0.0162191
1039 0.0789794
1040 0.0161736
1041 0.0787584
1042 0.0161284
1043 0.0785386
1044 0.0160834
1045 0.0783201
1046 0.0160387
1047 0.0781028
1048 0.0159942
1049 0.0778866
1050 0.01595
1051 0.0776716
1052 0.015906
1053 0.0774577
1054 0.0158622
1055 0.0772449
1056 0.0158187
1057 0.0770333
1058 0.0157754
1059 0.0768227
1060 0.0157323
1061 0.0766132
1062 0.0156894
1063 0.0764048
1064 0.0156467
1065 0.0761974
1066 0.0156043
1067 0.075991
1068 0.015562
1069 0.0757857
1070 0.01552
1071 0.0755813
1072 0.0154782
1073 0.0753779
1074 0.0154366
1075 0.0751755
1076 0.0153951
1077 0.074974
1078 0.0153539
1079 0.0747735
1080 0.0153129
1081 0.0745739
1082 0.015272
1083 0.0743753
1084 0.0152313
1085 0.0741775
1086 0.0151909
1087 0.0739806
1088 0.0151506
1089 0.0737846
1090 0.0151104
1091 0.0735895
1092 0.0150705
1093 0.0733952
1094 0.0150307
1095 0.0732017
1096 0.0149911
1097 0.0730091
1098 0.0149517
1099 0.0728174
1100 0.0149124
1101 0.0726264
1102 0.0148733
1103 0.0724362
1104 0.0148344
1105 0.0722469
1106 0.0147957
1107 0.0720583
1108 0.014757
1109 0.0718704
1110 0.0147186
1111 0.0716834
1112 0.0146803
1113 0.0714971
1114 0.0146422
1115 0.0713115
1116 0.0146042
1117 0.0711267
1118 0.0145663
1119 0.0709426
1120 0.0145287
1121 0.0707593
1122 0.0144911
1123 0.0705766
1124 0.0144537
1125 0.0703947
1126 0.0144165
1127 0.0702134
1128 0.0143794
1129 0.0700328
1130 0.0143424
1131 0.0698529
1132 0.0143056
1133 0.0696737
1134 0.0142689
1135 0.0694952
1136 0.0142323
1137 0.0693173
1138 0.0141959
1139 0.06914
1140 0.0141596
1141 0.0689634
1142 0.0141235
1143 0.0687875
1144 0.0140874
1145 0.0686121
1146 0.0140515
1147 0.0684374
1148 0.0140158
1149 0.0682634
1150 0.0139801
1151 0.0680899
1152 0.0139446
1153 0.067917
1154 0.0139092
1155 0.0677448
1156 0.0138739
1157 0.0675731
1158 0.0138388
1159 0.067402
1160 0.0138038
1161 0.0672315
1162 0.0137689
1163 0.0670616
1164 0.0137341
1165 0.0668922
1166 0.0136994
1167 0.0667234
1168 0.0136648
1169 0.0665552
1170 0.0136304
1171 0.0663876
1172 0.0135961
1173 0.0662205
1174 0.0135618
1175 0.0660539
1176 0.0135277
1177 0.0658879
1178 0.0134937
1179 0.0657224
1180 0.0134599
1181 0.0655575
1182 0.0134261
1183 0.065393
1184 0.0133924
1185 0.0652292
1186 0.0133589
1187 0.0650658
1188 0.0133254
1189 0.0649029
1190 0.0132921
1191 0.0647406
1192 0.0132588
1193 0.0645787
1194 0.0132257
1195 0.0644174
1196 0.0131926
1197 0.0642566
1198 0.0131597
1199 0.0640963
1200 0.0131269
1201 0.0639364
1202 0.0130942
1203 0.0637771
1204 0.0130615
1205 0.0636182
1206 0.013029
1207 0.0634598
1208 0.0129966
1209 0.0633019
1210 0.0129642
1211 0.0631445
1212 0.012932
1213 0.0629875
1214 0.0128999
1215 0.062831
1216 0.0128678
1217 0.062675
1218 0.0128359
1219 0.0625194
1220 0.012804
1221 0.0623643
1222 0.0127722
1223 0.0622097
1224 0.0127406
1225 0.0620555
1226 0.012709
1227 0.0619018
1228 0.0126775
1229 0.0617485
1230 0.0126461
1231 0.0615956
1232 0.0126148
1233 0.0614432
1234 0.0125836
1235 0.0612912
1236 0.0125525
1237 0.0611397
1238 0.0125215
1239 0.0609886
1240 0.0124905
1241 0.0608379
1242 0.0124597
1243 0.0606876
1244 0.0124289
1245 0.0605378
1246 0.0123982
1247 0.0603884
1248 0.0123676
1249 0.0602394
1250 0.0123371
1251 0.0600909
1252 0.0123067
1253 0.0599427
1254 0.0122763
1255 0.059795
1256 0.0122461
1257 0.0596477
1258 0.0122159
1259 0.0595008
1260 0.0121858
1261 0.0593543
1262 0.0121558
1263 0.0592082
1264 0.0121259
1265 0.0590625
1266 0.0120961
1267 0.0589172
1268 0.0120663
1269 0.0587723
1270 0.0120367
1271 0.0586278
1272 0.0120071
1273 0.0584837
1274 0.0119775
1275 0.0583399
1276 0.0119481
1277 0.0581966
1278 0.0119188
1279 0.0580537
1280 0.0118895
1281 0.0579111
1282 0.0118603
1283 0.0577689
1284 0.0118312
1285 0.0576272
1286 0.0118021
1287 0.0574858
1288 0.0117732
1289 0.0573447
1290 0.0117443
1291 0.0572041
1292 0.0117155
1293 0.0570638
1294 0.0116868
1295 0.0569239
1296 0.0116581
1297 0.0567844
1298 0.0116296
1299 0.0566452
1300 0.0116011
1301 0.0565064
1302 0.0115726
1303 0.056368
1304 0.0115443
1305 0.0562299
1306 0.011516
1307 0.0560922
1308 0.0114878
1309 0.0559549
1310 0.0114597
1311 0.0558179
1312 0.0114316
1313 0.0556813
1314 0.0114037
1315 0.0555451
1316 0.0113758
1317 0.0554092
1318 0.0113479
1319 0.0552736
1320 0.0113202
1321 0.0551384
1322 0.0112925
1323 0.0550036
1324 0.0112649
1325 0.0548691
1326 0.0112373
1327 0.0547349
1328 0.0112098
1329 0.0546012
1330 0.0111824
1331 0.0544677
1332 0.0111551
1333 0.0543346
1334 0.0111279
1335 0.0542018
1336 0.0111007
1337 0.0540694
1338 0.0110735
1339 0.0539373
1340 0.0110465
1341 0.0538056
1342 0.0110195
1343 0.0536742
1344 0.0109926
1345 0.0535431
1346 0.0109658
1347 0.0534124
1348 0.010939
1349 0.053282
1350 0.0109123
1351 0.053152
1352 0.0108857
1353 0.0530222
1354 0.0108591
1355 0.0528929
1356 0.0108326
1357 0.0527638
1358 0.0108062
1359 0.052635
1360 0.0107798
1361 0.0525066
1362 0.0107535
1363 0.0523786
1364 0.0107273
1365 0.0522508
1366 0.0107011
1367 0.0521234
1368 0.010675
1369 0.0519962
1370 0.010649
1371 0.0518695
1372 0.010623
1373 0.051743
1374 0.0105971
1375 0.0516168
1376 0.0105713
1377 0.051491
1378 0.0105455
1379 0.0513655
1380 0.0105198
1381 0.0512403
1382 0.0104942
1383 0.0511154
1384 0.0104686
1385 0.0509908
1386 0.0104431
1387 0.0508666
1388 0.0104176
1389 0.0507426
1390 0.0103922
1391 0.050619
1392 0.0103669
1393 0.0504957
1394 0.0103417
1395 0.0503727
1396 0.0103165
1397 0.05025
1398 0.0102913
1399 0.0501276
1400 0.0102663
1401 0.0500055
1402 0.0102413
1403 0.0498837
1404 0.0102163
1405 0.0497622
1406 0.0101914
1407 0.049641
1408 0.0101666
1409 0.0495202
1410 0.0101419
1411 0.0493996
1412 0.0101172
1413 0.0492793
1414 0.0100925
1415 0.0491593
1416 0.010068
1417 0.0490397
1418 0.0100435
1419 0.0489203
1420 0.010019
1421 0.0488012
1422 0.00999463
1423 0.0486824
1424 0.0099703
1425 0.0485639
1426 0.00994603
1427 0.0484457
1428 0.00992183
1429 0.0483278
1430 0.00989768
1431 0.0482102
1432 0.0098736
1433 0.0480929
1434 0.00984957
1435 0.0479759
1436 0.0098256
1437 0.0478591
1438 0.00980169
1439 0.0477427
1440 0.00977785
1441 0.0476265
1442 0.00975406
1443 0.0475107
1444 0.00973033
1445 0.0473951
1446 0.00970665
1447 0.0472798
1448 0.00968304
1449 0.0471648
1450 0.00965949
1451 0.04705
1452 0.00963599
1453 0.0469356
1454 0.00961255
1455 0.0468214
1456 0.00958917
1457 0.0467075
1458 0.00956585
1459 0.0465939
1460 0.00954258
1461 0.0464806
1462 0.00951937
1463 0.0463676
1464 0.00949622
1465 0.0462548
1466 0.00947313
1467 0.0461423
1468 0.00945009
1469 0.0460301
1470 0.00942711
1471 0.0459182
1472 0.00940419
1473 0.0458065
1474 0.00938132
1475 0.0456952
1476 0.00935851
1477 0.0455841
1478 0.00933575
1479 0.0454732
1480 0.00931305
1481 0.0453627
1482 0.00929041
1483 0.0452524
1484 0.00926782
1485 0.0451423
1486 0.00924529
1487 0.0450326
1488 0.00922282
1489 0.0449231
1490 0.00920039
1491 0.0448139
1492 0.00917803
1493 0.044705
1494 0.00915572
1495 0.0445963
1496 0.00913346
1497 0.0444879
1498 0.00911126
1499 0.0443797
1500 0.00908911
1501 0.0442719
1502 0.00906702
1503 0.0441643
1504 0.00904498
1505 0.0440569
1506 0.00902299
1507 0.0439498
1508 0.00900106
1509 0.043843
1510 0.00897918
1511 0.0437364
1512 0.00895736
1513 0.0436301
1514 0.00893559
1515 0.0435241
1516 0.00891387
1517 0.0434183
1518 0.00889221
1519 0.0433128
1520 0.0088706
1521 0.0432075
1522 0.00884904
1523 0.0431025
1524 0.00882754
1525 0.0429978
1526 0.00880608
1527 0.0428933
1528 0.00878468
1529 0.0427891
1530 0.00876334
1531 0.0426851
1532 0.00874204
1533 0.0425814
1534 0.0087208
1535 0.0424779
1536 0.00869961
1537 0.0423747
1538 0.00867847
1539 0.0422717
1540 0.00865738
1541 0.042169
1542 0.00863634
1543 0.0420665
1544 0.00861536
1545 0.0419643
1546 0.00859442
1547 0.0418623
1548 0.00857354
1549 0.0417606
1550 0.00855271
1551 0.0416592
1552 0.00853193
1553 0.0415579
1554 0.0085112
1555 0.041457
1556 0.00849052
1557 0.0413562
1558 0.00846989
1559 0.0412558
1560 0.00844931
1561 0.0411555
1562 0.00842878
1563 0.0410555
1564 0.00840831
1565 0.0409558
1566 0.00838788
1567 0.0408563
1568 0.0083675
1569 0.040757
1570 0.00834717
1571 0.040658
1572 0.00832689
1573 0.0405592
1574 0.00830666
1575 0.0404607
1576 0.00828648
1577 0.0403624
1578 0.00826635
1579 0.0402644
1580 0.00824627
1581 0.0401665
1582 0.00822624
1583 0.040069
1584 0.00820625
1585 0.0399716
1586 0.00818632
1587 0.0398745
1588 0.00816643
1589 0.0397777
1590 0.00814659
1591 0.039681
1592 0.0081268
1593 0.0395846
1594 0.00810706
1595 0.0394885
1596 0.00808737
1597 0.0393926
1598 0.00806772
1599 0.0392969
1600 0.00804812
1601 0.0392014
1602 0.00802857
1603 0.0391062
1604 0.00800907
1605 0.0390112
1606 0.00798962
1607 0.0389164
1608 0.00797021
1609 0.0388219
1610 0.00795085
1611 0.0387276
1612 0.00793154
1613 0.0386335
1614 0.00791227
1615 0.0385397
1616 0.00789305
1617 0.0384461
1618 0.00787388
1619 0.0383527
1620 0.00785475
1621 0.0382595
1622 0.00783567
1623 0.0381666
1624 0.00781664
1625 0.0380739
1626 0.00779766
1627 0.0379814
1628 0.00777872
1629 0.0378892
1630 0.00775982
1631 0.0377971
1632 0.00774097
1633 0.0377053
1634 0.00772217
1635 0.0376138
1636 0.00770342
1637 0.0375224
1638 0.00768471
1639 0.0374313
1640 0.00766604
1641 0.0373403
1642 0.00764742
1643 0.0372496
1644 0.00762885
1645 0.0371592
1646 0.00761032
1647 0.0370689
1648 0.00759183
1649 0.0369789
1650 0.00757339
1651 0.0368891
1652 0.007555
1653 0.0367995
1654 0.00753665
1655 0.0367101
1656 0.00751835
1657 0.0366209
1658 0.00750009
1659 0.036532
1660 0.00748187
1661 0.0364433
1662 0.0074637
1663 0.0363548
1664 0.00744557
1665 0.0362665
1666 0.00742749
1667 0.0361784
1668 0.00740945
1669 0.0360905
1670 0.00739145
1671 0.0360029
1672 0.0073735
1673 0.0359154
1674 0.00735559
1675 0.0358282
1676 0.00733773
1677 0.0357412
1678 0.00731991
1679 0.0356544
1680 0.00730213
1681 0.0355678
1682 0.0072844
1683 0.0354814
1684 0.00726671
1685 0.0353952
1686 0.00724906
1687 0.0353093
1688 0.00723145
1689 0.0352235
1690 0.00721389
1691 0.035138
1692 0.00719637
1693 0.0350526
1694 0.00717889
1695 0.0349675
1696 0.00716146
1697 0.0348826
1698 0.00714407
1699 0.0347979
1700 0.00712672
1701 0.0347134
1702 0.00710941
1703 0.0346291
1704 0.00709214
1705 0.034545
1706 0.00707492
1707 0.0344611
1708 0.00705774
1709 0.0343774
1710 0.0070406
1711 0.0342939
1712 0.0070235
1713 0.0342106
1714 0.00700644
1715 0.0341275
1716 0.00698942
1717 0.0340446
1718 0.00697245
1719 0.033962
1720 0.00695552
1721 0.0338795
1722 0.00693863
1723 0.0337972
1724 0.00692178
1725 0.0337151
1726 0.00690497
1727 0.0336332
1728 0.0068882
1729 0.0335516
1730 0.00687147
1731 0.0334701
1732 0.00685478
1733 0.0333888
1734 0.00683813
1735 0.0333077
1736 0.00682153
1737 0.0332268
1738 0.00680496
1739 0.0331461
1740 0.00678844
1741 0.0330656
1742 0.00677195
1743 0.0329853
1744 0.0067555
1745 0.0329052
1746 0.0067391
1747 0.0328253
1748 0.00672273
1749 0.0327456
1750 0.00670641
1751 0.0326661
1752 0.00669012
1753 0.0325868
1754 0.00667387
1755 0.0325076
1756 0.00665767
1757 0.0324287
1758 0.0066415
1759 0.0323499
1760 0.00662537
1761 0.0322714
1762 0.00660928
1763 0.032193
1764 0.00659323
1765 0.0321148
1766 0.00657722
1767 0.0320368
1768 0.00656125
1769 0.031959
1770 0.00654531
1771 0.0318814
1772 0.00652942
1773 0.031804
1774 0.00651356
1775 0.0317268
1776 0.00649774
1777 0.0316497
1778 0.00648196
1779 0.0315729
1780 0.00646622
1781 0.0314962
1782 0.00645052
1783 0.0314197
1784 0.00643486
1785 0.0313434
1786 0.00641923
1787 0.0312673
1788 0.00640364
1789 0.0311914
1790 0.00638809
1791 0.0311156
1792 0.00637258
1793 0.03104
1794 0.0063571
1795 0.0309647
1796 0.00634166
1797 0.0308895
1798 0.00632626
1799 0.0308145
1800 0.0063109
1801 0.0307396
1802 0.00629558
1803 0.030665
1804 0.00628029
1805 0.0305905
1806 0.00626504
1807 0.0305162
1808 0.00624982
1809 0.0304421
1810 0.00623464
1811 0.0303682
1812 0.0062195
1813 0.0302945
1814 0.0062044
1815 0.0302209
1816 0.00618933
1817 0.0301475
1818 0.0061743
1819 0.0300743
1820 0.00615931
1821 0.0300013
1822 0.00614435
1823 0.0299284
1824 0.00612943
1825 0.0298557
1826 0.00611455
1827 0.0297832
1828 0.0060997
1829 0.0297109
1830 0.00608489
1831 0.0296387
1832 0.00607011
1833 0.0295668
1834 0.00605537
1835 0.029495
1836 0.00604066
1837 0.0294233
1838 0.006026
1839 0.0293519
1840 0.00601136
1841 0.0292806
1842 0.00599676
1843 0.0292095
1844 0.0059822
1845 0.0291386
1846 0.00596767
1847 0.0290678
1848 0.00595318
1849 0.0289972
1850 0.00593873
1851 0.0289268
1852 0.00592431
1853 0.0288566
1854 0.00590992
1855 0.0287865
1856 0.00589557
1857 0.0287166
1858 0.00588125
1859 0.0286469
1860 0.00586697
1861 0.0285773
1862 0.00585272
1863 0.0285079
1864 0.00583851
1865 0.0284387
1866 0.00582433
1867 0.0283696
1868 0.00581019
1869 0.0283007
1870 0.00579608
1871 0.028232
1872 0.005782
1873 0.0281634
1874 0.00576796
1875 0.028095
1876 0.00575396
1877 0.0280268
1878 0.00573998
1879 0.0279588
1880 0.00572604
1881 0.0278909
1882 0.00571214
1883 0.0278231
1884 0.00569827
1885 0.0277556
1886 0.00568443
1887 0.0276882
1888 0.00567063
1889 0.0276209
1890 0.00565686
1891 0.0275539
1892 0.00564312
1893 0.027487
1894 0.00562942
1895 0.0274202
1896 0.00561575
1897 0.0273536
1898 0.00560211
1899 0.0272872
1900 0.0055885
1901 0.0272209
1902 0.00557493
1903 0.0271548
1904 0.0055614
1905 0.0270889
1906 0.00554789
1907 0.0270231
1908 0.00553442
1909 0.0269575
1910 0.00552098
1911 0.026892
1912 0.00550757
1913 0.0268267
1914 0.0054942
1915 0.0267616
1916 0.00548086
1917 0.0266966
1918 0.00546755
1919 0.0266318
1920 0.00545427
1921 0.0265671
1922 0.00544103
1923 0.0265026
1924 0.00542781
1925 0.0264382
1926 0.00541463
1927 0.026374
1928 0.00540148
1929 0.02631
1930 0.00538837
1931 0.0262461
1932 0.00537528
1933 0.0261823
1934 0.00536223
1935 0.0261188
1936 0.00534921
1937 0.0260553
1938 0.00533622
1939 0.0259921
1940 0.00532326
1941 0.025929
1942 0.00531033
1943 0.025866
1944 0.00529744
1945 0.0258032
1946 0.00528457
1947 0.0257405
1948 0.00527174
1949 0.025678
1950 0.00525894
1951 0.0256157
1952 0.00524617
1953 0.0255535
1954 0.00523343
1955 0.0254914
1956 0.00522072
1957 0.0254295
1958 0.00520804
1959 0.0253677
1960 0.0051954
1961 0.0253061
1962 0.00518278
1963 0.0252447
1964 0.00517019
1965 0.0251834
1966 0.00515764
1967 0.0251222
1968 0.00514511
1969 0.0250612
1970 0.00513262
1971 0.0250004
1972 0.00512016
1973 0.0249397
1974 0.00510772
1975 0.0248791
1976 0.00509532
1977 0.0248187
1978 0.00508295
1979 0.0247584
1980 0.0050706
1981 0.0246983
1982 0.00505829
1983 0.0246383
1984 0.00504601
1985 0.0245785
1986 0.00503375
1987 0.0245188
1988 0.00502153
1989 0.0244593
1990 0.00500934
1991 0.0243999
1992 0.00499717
1993 0.0243406
1994 0.00498504
1995 0.0242815
1996 0.00497293
1997 0.0242225
1998 0.00496086
1999 0.0241637
2000 0.00494881
2001 0.0241051
2002 0.00493679
2003 0.0240465
2004 0.0049248
2005 0.0239881
2006 0.00491284
2007 0.0239299
2008 0.00490091
2009 0.0238718
2010 0.00488901
2011 0.0238138
2012 0.00487714
2013 0.023756
2014 0.0048653
2015 0.0236983
2016 0.00485348
2017 0.0236407
2018 0.0048417
2019 0.0235833
2020 0.00482994
2021 0.0235261
2022 0.00481821
2023 0.0234689
2024 0.00480651
2025 0.0234119
2026 0.00479484
2027 0.0233551
2028 0.0047832
2029 0.0232984
2030 0.00477158
2031 0.0232418
2032 0.00475999
2033 0.0231854
2034 0.00474844
2035 0.0231291
2036 0.0047369
2037 0.0230729
2038 0.0047254
2039 0.0230169
2040 0.00471393
2041 0.022961
2042 0.00470248
2043 0.0229052
2044 0.00469106
2045 0.0228496
2046 0.00467967
2047 0.0227941
2048 0.00466831
2049 0.0227388
2050 0.00465697
2051 0.0226835
2052 0.00464566
2053 0.0226285
2054 0.00463438
2055 0.0225735
2056 0.00462313
2057 0.0225187
2058 0.0046119
2059 0.022464
2060 0.0046007
2061 0.0224095
2062 0.00458953
2063 0.022355
2064 0.00457838
2065 0.0223008
2066 0.00456727
2067 0.0222466
2068 0.00455617
2069 0.0221926
2070 0.00454511
2071 0.0221387
2072 0.00453407
2073 0.0220849
2074 0.00452306
2075 0.0220313
2076 0.00451208
2077 0.0219778
2078 0.00450112
2079 0.0219244
2080 0.00449019
2081 0.0218712
2082 0.00447929
2083 0.0218181
2084 0.00446841
2085 0.0217651
2086 0.00445756
2087 0.0217122
2088 0.00444674
2089 0.0216595
2090 0.00443594
2091 0.0216069
2092 0.00442517
2093 0.0215545
2094 0.00441442
2095 0.0215021
2096 0.0044037
2097 0.0214499
2098 0.00439301
2099 0.0213978
2100 0.00438234
2101 0.0213458
2102 0.0043717
2103 0.021294
2104 0.00436108
2105 0.0212423
2106 0.00435049
2107 0.0211907
2108 0.00433993
2109 0.0211393
2110 0.00432939
2111 0.0210879
2112 0.00431888
2113 0.0210367
2114 0.00430839
2115 0.0209856
2116 0.00429793
2117 0.0209347
2118 0.00428749
2119 0.0208838
2120 0.00427708
2121 0.0208331
2122 0.00426669
2123 0.0207825
2124 0.00425633
2125 0.0207321
2126 0.004246
2127 0.0206817
2128 0.00423568
2129 0.0206315
2130 0.0042254
2131 0.0205814
2132 0.00421514
2133 0.0205314
2134 0.0042049
2135 0.0204816
2136 0.00419469
2137 0.0204318
2138 0.00418451
2139 0.0203822
2140 0.00417434
2141 0.0203327
2142 0.00416421
2143 0.0202834
2144 0.0041541
2145 0.0202341
2146 0.00414401
2147 0.020185
2148 0.00413395
2149 0.0201359
2150 0.00412391
2151 0.020087
2152 0.00411389
2153 0.0200383
2154 0.0041039
2155 0.0199896
2156 0.00409394
2157 0.0199411
2158 0.004084
2159 0.0198926
2160 0.00407408
2161 0.0198443
2162 0.00406419
2163 0.0197962
2164 0.00405432
2165 0.0197481
2166 0.00404447
2167 0.0197001
2168 0.00403465
2169 0.0196523
2170 0.00402485
2171 0.0196046
2172 0.00401508
2173 0.019557
2174 0.00400533
2175 0.0195095
2176 0.0039956
2177 0.0194621
2178 0.0039859
2179 0.0194148
2180 0.00397622
2181 0.0193677
2182 0.00396656
2183 0.0193207
2184 0.00395693
2185 0.0192737
2186 0.00394732
2187 0.0192269
2188 0.00393774
2189 0.0191802
2190 0.00392818
2191 0.0191337
2192 0.00391864
2193 0.0190872
2194 0.00390912
2195 0.0190409
2196 0.00389963
2197 0.0189946
2198 0.00389016
2199 0.0189485
2200 0.00388071
2201 0.0189025
2202 0.00387129
2203 0.0188566
2204 0.00386189
2205 0.0188108
2206 0.00385251
2207 0.0187651
2208 0.00384316
2209 0.0187195
2210 0.00383382
2211 0.0186741
2212 0.00382451
2213 0.0186287
2214 0.00381523
2215 0.0185835
2216 0.00380596
2217 0.0185384
2218 0.00379672
2219 0.0184934
2220 0.0037875
2221 0.0184485
2222 0.0037783
2223 0.0184037
2224 0.00376913
2225 0.018359
2226 0.00375998
2227 0.0183144
2228 0.00375084
2229 0.0182699
2230 0.00374174
2231 0.0182255
2232 0.00373265
2233 0.0181813
2234 0.00372359
2235 0.0181371
2236 0.00371454
2237 0.0180931
2238 0.00370552
2239 0.0180492
2240 0.00369653
2241 0.0180053
2242 0.00368755
2243 0.0179616
2244 0.00367859
2245 0.017918
2246 0.00366966
2247 0.0178745
2248 0.00366075
2249 0.0178311
2250 0.00365186
2251 0.0177878
2252 0.00364299
2253 0.0177446
2254 0.00363415
2255 0.0177015
2256 0.00362532
2257 0.0176585
2258 0.00361652
2259 0.0176156
2260 0.00360774
2261 0.0175728
2262 0.00359898
2263 0.0175302
2264 0.00359024
2265 0.0174876
2266 0.00358152
2267 0.0174451
2268 0.00357282
2269 0.0174028
2270 0.00356415
2271 0.0173605
2272 0.00355549
2273 0.0173184
2274 0.00354686
2275 0.0172763
2276 0.00353824
2277 0.0172344
2278 0.00352965
2279 0.0171925
2280 0.00352108
2281 0.0171508
2282 0.00351253
2283 0.0171091
2284 0.003504
2285 0.0170676
2286 0.00349549
2287 0.0170261
2288 0.003487
2289 0.0169848
2290 0.00347854
2291 0.0169435
2292 0.00347009
2293 0.0169024
2294 0.00346166
2295 0.0168613
2296 0.00345326
2297 0.0168204
2298 0.00344487
2299 0.0167795
2300 0.00343651
2301 0.0167388
2302 0.00342816
2303 0.0166982
2304 0.00341984
2305 0.0166576
2306 0.00341153
2307 0.0166172
2308 0.00340325
2309 0.0165768
2310 0.00339498
2311 0.0165365
2312 0.00338674
2313 0.0164964
2314 0.00337851
2315 0.0164563
2316 0.00337031
2317 0.0164164
2318 0.00336213
2319 0.0163765
2320 0.00335396
2321 0.0163367
2322 0.00334582
2323 0.0162971
2324 0.00333769
2325 0.0162575
2326 0.00332959
2327 0.016218
2328 0.0033215
2329 0.0161786
2330 0.00331344
2331 0.0161393
2332 0.00330539
2333 0.0161002
2334 0.00329736
2335 0.0160611
2336 0.00328936
2337 0.0160221
2338 0.00328137
2339 0.0159832
2340 0.0032734
2341 0.0159443
2342 0.00326545
2343 0.0159056
2344 0.00325752
2345 0.015867
2346 0.00324961
2347 0.0158285
2348 0.00324172
2349 0.01579
2350 0.00323385
2351 0.0157517
2352 0.003226
2353 0.0157134
2354 0.00321816
2355 0.0156753
2356 0.00321035
2357 0.0156372
2358 0.00320255
2359 0.0155992
2360 0.00319478
2361 0.0155614
2362 0.00318702
2363 0.0155236
2364 0.00317928
2365 0.0154859
2366 0.00317156
2367 0.0154483
2368 0.00316386
2369 0.0154108
2370 0.00315617
2371 0.0153733
2372 0.00314851
2373 0.015336
2374 0.00314086
2375 0.0152988
2376 0.00313324
2377 0.0152616
2378 0.00312563
2379 0.0152246
2380 0.00311804
2381 0.0151876
2382 0.00311047
2383 0.0151507
2384 0.00310291
2385 0.0151139
2386 0.00309538
2387 0.0150772
2388 0.00308786
2389 0.0150406
2390 0.00308036
2391 0.0150041
2392 0.00307288
2393 0.0149676
2394 0.00306542
2395 0.0149313
2396 0.00305798
2397 0.014895
2398 0.00305055
2399 0.0148589
2400 0.00304314
2401 0.0148228
2402 0.00303575
2403 0.0147868
2404 0.00302838
2405 0.0147509
2406 0.00302103
2407 0.0147151
2408 0.00301369
2409 0.0146793
2410 0.00300637
2411 0.0146437
2412 0.00299907
2413 0.0146081
2414 0.00299179
2415 0.0145727
2416 0.00298453
2417 0.0145373
2418 0.00297728
2419 0.014502
2420 0.00297005
2421 0.0144667
2422 0.00296284
2423 0.0144316
2424 0.00295564
2425 0.0143966
2426 0.00294846
2427 0.0143616
2428 0.0029413
2429 0.0143267
2430 0.00293416
2431 0.0142919
2432 0.00292704
2433 0.0142572
2434 0.00291993
2435 0.0142226
2436 0.00291284
2437 0.0141881
2438 0.00290577
2439 0.0141536
2440 0.00289871
2441 0.0141193
2442 0.00289167
2443 0.014085
2444 0.00288465
2445 0.0140508
2446 0.00287764
2447 0.0140167
2448 0.00287066
2449 0.0139826
2450 0.00286369
2451 0.0139487
2452 0.00285673
2453 0.0139148
2454 0.00284979
2455 0.013881
2456 0.00284287
2457 0.0138473
2458 0.00283597
2459 0.0138137
2460 0.00282908
2461 0.0137801
2462 0.00282221
2463 0.0137467
2464 0.00281536
2465 0.0137133
2466 0.00280852
2467 0.01368
2468 0.0028017
2469 0.0136468
2470 0.0027949
2471 0.0136136
2472 0.00278811
2473 0.0135806
2474 0.00278134
2475 0.0135476
2476 0.00277459
2477 0.0135147
2478 0.00276785
2479 0.0134819
2480 0.00276113
2481 0.0134491
2482 0.00275443
2483 0.0134165
2484 0.00274774
2485 0.0133839
2486 0.00274106
2487 0.0133514
2488 0.00273441
2489 0.013319
2490 0.00272777
2491 0.0132866
2492 0.00272114
2493 0.0132544
2494 0.00271454
2495 0.0132222
2496 0.00270794
2497 0.0131901
2498 0.00270137
2499 0.013158
2500 0.00269481
2501 0.0131261
2502 0.00268827
2503 0.0130942
2504 0.00268174
2505 0.0130624
2506 0.00267523
2507 0.0130307
2508 0.00266873
2509 0.0129991
2510 0.00266225
2511 0.0129675
2512 0.00265578
2513 0.012936
2514 0.00264933
2515 0.0129046
2516 0.0026429
2517 0.0128732
2518 0.00263648
2519 0.012842
2520 0.00263008
2521 0.0128108
2522 0.00262369
2523 0.0127797
2524 0.00261732
2525 0.0127487
2526 0.00261097
2527 0.0127177
2528 0.00260463
2529 0.0126868
2530 0.0025983
2531 0.012656
2532 0.00259199
2533 0.0126253
2534 0.0025857
2535 0.0125946
2536 0.00257942
2537 0.012564
2538 0.00257316
2539 0.0125335
2540 0.00256691
2541 0.0125031
2542 0.00256067
2543 0.0124727
2544 0.00255446
2545 0.0124424
2546 0.00254825
2547 0.0124122
2548 0.00254206
2549 0.0123821
2550 0.00253589
2551 0.012352
2552 0.00252973
2553 0.012322
2554 0.00252359
2555 0.0122921
2556 0.00251746
2557 0.0122623
2558 0.00251135
2559 0.0122325
2560 0.00250525
2561 0.0122028
2562 0.00249917
2563 0.0121731
2564 0.0024931
2565 0.0121436
2566 0.00248704
2567 0.0121141
2568 0.00248101
2569 0.0120847
2570 0.00247498
2571 0.0120553
2572 0.00246897
2573 0.0120261
2574 0.00246298
2575 0.0119969
2576 0.00245699
2577 0.0119677
2578 0.00245103
2579 0.0119387
2580 0.00244508
2581 0.0119097
2582 0.00243914
2583 0.0118807
2584 0.00243322
2585 0.0118519
2586 0.00242731
2587 0.0118231
2588 0.00242141
2589 0.0117944
2590 0.00241553
2591 0.0117658
2592 0.00240967
2593 0.0117372
2594 0.00240382
2595 0.0117087
2596 0.00239798
2597 0.0116803
2598 0.00239216
2599 0.0116519
2600 0.00238635
2601 0.0116236
2602 0.00238055
2603 0.0115954
2604 0.00237477
2605 0.0115672
2606 0.002369
2607 0.0115391
2608 0.00236325
2609 0.0115111
2610 0.00235751
2611 0.0114832
2612 0.00235179
2613 0.0114553
2614 0.00234608
2615 0.0114275
2616 0.00234038
2617 0.0113997
2618 0.0023347
2619 0.011372
2620 0.00232903
2621 0.0113444
2622 0.00232337
2623 0.0113169
2624 0.00231773
2625 0.0112894
2626 0.0023121
2627 0.011262
2628 0.00230649
2629 0.0112346
2630 0.00230089
2631 0.0112073
2632 0.0022953
2633 0.0111801
2634 0.00228973
2635 0.011153
2636 0.00228416
2637 0.0111259
2638 0.00227862
2639 0.0110989
2640 0.00227309
2641 0.0110719
2642 0.00226757
2643 0.011045
2644 0.00226206
2645 0.0110182
2646 0.00225657
2647 0.0109915
2648 0.00225109
2649 0.0109648
2650 0.00224562
2651 0.0109381
2652 0.00224017
2653 0.0109116
2654 0.00223473
2655 0.0108851
2656 0.0022293
2657 0.0108587
2658 0.00222389
2659 0.0108323
2660 0.00221849
2661 0.010806
2662 0.0022131
2663 0.0107797
2664 0.00220773
2665 0.0107536
2666 0.00220236
2667 0.0107274
2668 0.00219702
2669 0.0107014
2670 0.00219168
2671 0.0106754
2672 0.00218636
2673 0.0106495
2674 0.00218105
2675 0.0106236
2676 0.00217575
2677 0.0105978
2678 0.00217047
2679 0.0105721
2680 0.0021652
2681 0.0105464
2682 0.00215994
2683 0.0105208
2684 0.0021547
2685 0.0104953
2686 0.00214946
2687 0.0104698
2688 0.00214424
2689 0.0104444
2690 0.00213904
2691 0.010419
2692 0.00213384
2693 0.0103937
2694 0.00212866
2695 0.0103685
2696 0.00212349
2697 0.0103433
2698 0.00211834
2699 0.0103182
2700 0.00211319
2701 0.0102931
2702 0.00210806
2703 0.0102681
2704 0.00210294
2705 0.0102432
2706 0.00209783
2707 0.0102183
2708 0.00209274
2709 0.0101935
2710 0.00208766
2711 0.0101687
2712 0.00208259
2713 0.010144
2714 0.00207753
2715 0.0101194
2716 0.00207249
2717 0.0100948
2718 0.00206745
2719 0.0100703
2720 0.00206243
2721 0.0100459
2722 0.00205743
2723 0.0100215
2724 0.00205243
2725 0.00999714
2726 0.00204745
2727 0.00997286
2728 0.00204247
2729 0.00994864
2730 0.00203751
2731 0.00992448
2732 0.00203257
2733 0.00990038
2734 0.00202763
2735 0.00987634
2736 0.00202271
2737 0.00985236
2738 0.0020178
2739 0.00982844
2740 0.0020129
2741 0.00980457
2742 0.00200801
2743 0.00978076
2744 0.00200313
2745 0.00975701
2746 0.00199827
2747 0.00973332
2748 0.00199341
2749 0.00970968
2750 0.00198857
2751 0.0096861
2752 0.00198374
2753 0.00966258
2754 0.00197893
2755 0.00963912
2756 0.00197412
2757 0.00961571
2758 0.00196933
2759 0.00959236
2760 0.00196455
2761 0.00956907
2762 0.00195978
2763 0.00954583
2764 0.00195502
2765 0.00952265
2766 0.00195027
2767 0.00949953
2768 0.00194553
2769 0.00947646
2770 0.00194081
2771 0.00945345
2772 0.0019361
2773 0.00943049
2774 0.00193139
2775 0.00940759
2776 0.0019267
2777 0.00938475
2778 0.00192203
2779 0.00936196
2780 0.00191736
2781 0.00933922
2782 0.0019127
2783 0.00931654
2784 0.00190806
2785 0.00929392
2786 0.00190342
2787 0.00927135
2788 0.0018988
2789 0.00924884
2790 0.00189419
2791 0.00922638
2792 0.00188959
2793 0.00920397
2794 0.001885
2795 0.00918162
2796 0.00188043
2797 0.00915933
2798 0.00187586
2799 0.00913709
2800 0.0018713
2801 0.0091149
2802 0.00186676
2803 0.00909276
2804 0.00186223
2805 0.00907068
2806 0.00185771
2807 0.00904866
2808 0.00185319
2809 0.00902668
2810 0.00184869
2811 0.00900476
2812 0.0018442
2813 0.0089829
2814 0.00183973
2815 0.00896108
2816 0.00183526
2817 0.00893932
2818 0.0018308
2819 0.00891762
2820 0.00182636
2821 0.00889596
2822 0.00182192
2823 0.00887436
2824 0.0018175
2825 0.00885281
2826 0.00181308
2827 0.00883131
2828 0.00180868
2829 0.00880987
2830 0.00180429
2831 0.00878847
2832 0.00179991
2833 0.00876713
2834 0.00179554
2835 0.00874584
2836 0.00179118
2837 0.0087246
2838 0.00178683
2839 0.00870342
2840 0.00178249
2841 0.00868228
2842 0.00177816
2843 0.0086612
2844 0.00177384
2845 0.00864017
2846 0.00176953
2847 0.00861919
2848 0.00176524
2849 0.00859826
2850 0.00176095
2851 0.00857738
2852 0.00175667
2853 0.00855655
2854 0.00175241
2855 0.00853577
2856 0.00174815
2857 0.00851504
2858 0.00174391
2859 0.00849437
2860 0.00173967
2861 0.00847374
2862 0.00173545
2863 0.00845316
2864 0.00173123
2865 0.00843264
2866 0.00172703
2867 0.00841216
2868 0.00172284
2869 0.00839173
2870 0.00171865
2871 0.00837135
2872 0.00171448
2873 0.00835102
2874 0.00171032
2875 0.00833075
2876 0.00170616
2877 0.00831052
2878 0.00170202
2879 0.00829033
2880 0.00169789
2881 0.0082702
2882 0.00169376
2883 0.00825012
2884 0.00168965
2885 0.00823009
2886 0.00168555
2887 0.0082101
2888 0.00168146
2889 0.00819016
2890 0.00167737
2891 0.00817028
2892 0.0016733
2893 0.00815044
2894 0.00166924
2895 0.00813064
2896 0.00166518
2897 0.0081109
2898 0.00166114
2899 0.0080912
2900 0.0016571
2901 0.00807156
2902 0.00165308
2903 0.00805196
2904 0.00164907
2905 0.0080324
2906 0.00164506
2907 0.0080129
2908 0.00164107
2909 0.00799344
2910 0.00163708
2911 0.00797403
2912 0.00163311
2913 0.00795467
2914 0.00162914
2915 0.00793535
2916 0.00162519
2917 0.00791608
2918 0.00162124
2919 0.00789686
2920 0.0016173
2921 0.00787768
2922 0.00161337
2923 0.00785855
2924 0.00160946
2925 0.00783947
2926 0.00160555
2927 0.00782043
2928 0.00160165
2929 0.00780144
2930 0.00159776
2931 0.0077825
2932 0.00159388
2933 0.0077636
2934 0.00159001
2935 0.00774475
2936 0.00158615
2937 0.00772594
2938 0.0015823
2939 0.00770718
2940 0.00157845
2941 0.00768846
2942 0.00157462
2943 0.00766979
2944 0.0015708
2945 0.00765117
2946 0.00156698
2947 0.00763259
2948 0.00156318
2949 0.00761405
2950 0.00155938
2951 0.00759556
2952 0.0015556
2953 0.00757712
2954 0.00155182
2955 0.00755872
2956 0.00154805
2957 0.00754036
2958 0.00154429
2959 0.00752205
2960 0.00154054
2961 0.00750379
2962 0.0015368
2963 0.00748557
2964 0.00153307
2965 0.00746739
2966 0.00152935
2967 0.00744926
2968 0.00152563
2969 0.00743117
2970 0.00152193
2971 0.00741312
2972 0.00151823
2973 0.00739512
2974 0.00151454
2975 0.00737716
2976 0.00151087
2977 0.00735925
2978 0.0015072
2979 0.00734138
2980 0.00150354
2981 0.00732355
2982 0.00149989
2983 0.00730577
2984 0.00149624
2985 0.00728803
2986 0.00149261
2987 0.00727033
2988 0.00148899
2989 0.00725267
2990 0.00148537
2991 0.00723506
2992 0.00148176
2993 0.00721749
2994 0.00147817
2995 0.00719997
2996 0.00147458
2997 0.00718248
2998 0.001471
2999 0.00716504
3000 0.00146742
3001 0.00714764
3002 0.00146386
3003 0.00713028
3004 0.00146031
3005 0.00711297
3006 0.00145676
3007 0.0070957
3008 0.00145322
3009 0.00707847
3010 0.00144969
3011 0.00706128
3012 0.00144617
3013 0.00704413
3014 0.00144266
3015 0.00702703
3016 0.00143916
3017 0.00700996
3018 0.00143566
3019 0.00699294
3020 0.00143218
3021 0.00697596
3022 0.0014287
3023 0.00695902
3024 0.00142523
3025 0.00694212
3026 0.00142177
3027 0.00692526
3028 0.00141832
3029 0.00690845
3030 0.00141487
3031 0.00689167
3032 0.00141144
3033 0.00687493
3034 0.00140801
3035 0.00685824
3036 0.00140459
3037 0.00684159
3038 0.00140118
3039 0.00682497
3040 0.00139778
3041 0.0068084
3042 0.00139438
3043 0.00679187
3044 0.001391
3045 0.00677537
3046 0.00138762
3047 0.00675892
3048 0.00138425
3049 0.00674251
3050 0.00138089
3051 0.00672613
3052 0.00137753
3053 0.0067098
3054 0.00137419
3055 0.00669351
3056 0.00137085
3057 0.00667725
3058 0.00136752
3059 0.00666104
3060 0.0013642
3061 0.00664486
3062 0.00136089
3063 0.00662873
3064 0.00135758
3065 0.00661263
3066 0.00135429
3067 0.00659657
3068 0.001351
3069 0.00658055
3070 0.00134772
3071 0.00656458
3072 0.00134445
3073 0.00654863
3074 0.00134118
3075 0.00653273
3076 0.00133792
3077 0.00651687
3078 0.00133468
3079 0.00650104
3080 0.00133143
3081 0.00648526
3082 0.0013282
3083 0.00646951
3084 0.00132498
3085 0.0064538
3086 0.00132176
3087 0.00643813
3088 0.00131855
3089 0.00642249
3090 0.00131535
3091 0.0064069
3092 0.00131215
3093 0.00639134
3094 0.00130897
3095 0.00637582
3096 0.00130579
3097 0.00636034
3098 0.00130262
3099 0.00634489
3100 0.00129945
3101 0.00632948
3102 0.0012963
3103 0.00631411
3104 0.00129315
3105 0.00629878
3106 0.00129001
3107 0.00628349
3108 0.00128688
3109 0.00626823
3110 0.00128375
3111 0.00625301
3112 0.00128064
3113 0.00623782
3114 0.00127753
3115 0.00622267
3116 0.00127442
3117 0.00620756
3118 0.00127133
3119 0.00619249
3120 0.00126824
3121 0.00617745
3122 0.00126516
3123 0.00616245
3124 0.00126209
3125 0.00614749
3126 0.00125903
3127 0.00613256
3128 0.00125597
3129 0.00611767
3130 0.00125292
3131 0.00610281
3132 0.00124988
3133 0.00608799
3134 0.00124684
3135 0.00607321
3136 0.00124381
3137 0.00605846
3138 0.00124079
3139 0.00604375
3140 0.00123778
3141 0.00602907
3142 0.00123477
3143 0.00601443
3144 0.00123177
3145 0.00599983
3146 0.00122878
3147 0.00598526
3148 0.0012258
3149 0.00597072
3150 0.00122282
3151 0.00595622
3152 0.00121985
3153 0.00594176
3154 0.00121689
3155 0.00592733
3156 0.00121394
3157 0.00591294
3158 0.00121099
3159 0.00589858
3160 0.00120805
3161 0.00588426
3162 0.00120511
3163 0.00586997
3164 0.00120219
3165 0.00585571
3166 0.00119927
3167 0.00584149
3168 0.00119636
3169 0.00582731
3170 0.00119345
3171 0.00581316
3172 0.00119055
3173 0.00579904
3174 0.00118766
3175 0.00578496
3176 0.00118478
3177 0.00577091
3178 0.0011819
3179 0.0057569
3180 0.00117903
3181 0.00574292
3182 0.00117617
3183 0.00572897
3184 0.00117331
3185 0.00571506
3186 0.00117046
3187 0.00570118
3188 0.00116762
3189 0.00568734
3190 0.00116479
3191 0.00567353
3192 0.00116196
3193 0.00565975
3194 0.00115914
3195 0.00564601
3196 0.00115632
3197 0.0056323
3198 0.00115351
3199 0.00561862
3200 0.00115071
3201 0.00560498
3202 0.00114792
3203 0.00559137
3204 0.00114513
3205 0.00557779
3206 0.00114235
3207 0.00556424
3208 0.00113957
3209 0.00555073
3210 0.00113681
3211 0.00553725
3212 0.00113405
3213 0.00552381
3214 0.00113129
3215 0.00551039
3216 0.00112855
3217 0.00549701
3218 0.00112581
3219 0.00548366
3220 0.00112307
3221 0.00547035
3222 0.00112034
3223 0.00545706
3224 0.00111762
3225 0.00544381
3226 0.00111491
3227 0.00543059
3228 0.0011122
3229 0.0054174
3230 0.0011095
3231 0.00540425
3232 0.00110681
3233 0.00539113
3234 0.00110412
3235 0.00537804
3236 0.00110144
3237 0.00536498
3238 0.00109876
3239 0.00535195
3240 0.0010961
3241 0.00533895
3242 0.00109343
3243 0.00532599
3244 0.00109078
3245 0.00531305
3246 0.00108813
3247 0.00530015
3248 0.00108549
3249 0.00528728
3250 0.00108285
3251 0.00527444
3252 0.00108022
3253 0.00526163
3254 0.0010776
3255 0.00524886
3256 0.00107498
3257 0.00523611
3258 0.00107237
3259 0.0052234
3260 0.00106977
3261 0.00521071
3262 0.00106717
3263 0.00519806
3264 0.00106458
3265 0.00518544
3266 0.00106199
3267 0.00517284
3268 0.00105942
3269 0.00516028
3270 0.00105684
3271 0.00514775
3272 0.00105428
3273 0.00513525
3274 0.00105172
3275 0.00512278
3276 0.00104916
3277 0.00511034
3278 0.00104661
3279 0.00509793
3280 0.00104407
3281 0.00508555
3282 0.00104154
3283 0.0050732
3284 0.00103901
3285 0.00506088
3286 0.00103649
3287 0.00504859
3288 0.00103397
3289 0.00503633
3290 0.00103146
3291 0.0050241
3292 0.00102895
3293 0.0050119
3294 0.00102645
3295 0.00499973
3296 0.00102396
3297 0.00498759
3298 0.00102148
3299 0.00497548
3300 0.00101899
3301 0.0049634
3302 0.00101652
3303 0.00495135
3304 0.00101405
3305 0.00493932
3306 0.00101159
3307 0.00492733
3308 0.00100913
3309 0.00491536
3310 0.00100668
3311 0.00490343
3312 0.00100424
3313 0.00489152
3314 0.0010018
3315 0.00487964
3316 0.000999367
3317 0.00486779
3318 0.00099694
3319 0.00485597
3320 0.000994519
3321 0.00484418
3322 0.000992104
3323 0.00483242
3324 0.000989695
3325 0.00482068
3326 0.000987291
3327 0.00480898
3328 0.000984894
3329 0.0047973
3330 0.000982502
3331 0.00478565
3332 0.000980116
3333 0.00477403
3334 0.000977736
3335 0.00476244
3336 0.000975362
3337 0.00475087
3338 0.000972994
3339 0.00473933
3340 0.000970631
3341 0.00472783
3342 0.000968274
3343 0.00471634
3344 0.000965923
3345 0.00470489
3346 0.000963577
3347 0.00469347
3348 0.000961237
3349 0.00468207
3350 0.000958903
3351 0.0046707
3352 0.000956574
3353 0.00465936
3354 0.000954252
3355 0.00464804
3356 0.000951934
3357 0.00463676
3358 0.000949623
3359 0.0046255
3360 0.000947317
3361 0.00461427
3362 0.000945016
3363 0.00460306
3364 0.000942722
3365 0.00459188
3366 0.000940432
3367 0.00458073
3368 0.000938149
3369 0.00456961
3370 0.000935871
3371 0.00455851
3372 0.000933598
3373 0.00454744
3374 0.000931331
3375 0.0045364
3376 0.000929069
3377 0.00452538
3378 0.000926813
3379 0.00451439
3380 0.000924563
3381 0.00450343
3382 0.000922317
3383 0.0044925
3384 0.000920078
3385 0.00448159
3386 0.000917844
3387 0.0044707
3388 0.000915615
3389 0.00445985
3390 0.000913391
3391 0.00444902
3392 0.000911173
3393 0.00443821
3394 0.000908961
3395 0.00442744
3396 0.000906753
3397 0.00441669
3398 0.000904552
3399 0.00440596
3400 0.000902355
3401 0.00439526
3402 0.000900164
3403 0.00438459
3404 0.000897978
3405 0.00437394
3406 0.000895797
3407 0.00436332
3408 0.000893622
3409 0.00435272
3410 0.000891452
3411 0.00434215
3412 0.000889287
3413 0.00433161
3414 0.000887128
3415 0.00432109
3416 0.000884974
3417 0.0043106
3418 0.000882825
3419 0.00430013
3420 0.000880681
3421 0.00428969
3422 0.000878542
3423 0.00427927
3424 0.000876409
3425 0.00426888
3426 0.000874281
3427 0.00425851
3428 0.000872158
3429 0.00424817
3430 0.00087004
3431 0.00423786
3432 0.000867927
3433 0.00422757
3434 0.000865819
3435 0.0042173
3436 0.000863717
3437 0.00420706
3438 0.000861619
3439 0.00419684
3440 0.000859527
3441 0.00418665
3442 0.00085744
3443 0.00417649
3444 0.000855358
3445 0.00416634
3446 0.000853281
3447 0.00415623
3448 0.000851209
3449 0.00414613
3450 0.000849142
3451 0.00413607
3452 0.00084708
3453 0.00412602
3454 0.000845023
3455 0.004116
3456 0.000842971
3457 0.00410601
3458 0.000840924
3459 0.00409604
3460 0.000838882
3461 0.00408609
3462 0.000836845
3463 0.00407617
3464 0.000834812
3465 0.00406627
3466 0.000832785
3467 0.0040564
3468 0.000830763
3469 0.00404655
3470 0.000828746
3471 0.00403672
3472 0.000826733
3473 0.00402692
3474 0.000824726
3475 0.00401714
3476 0.000822723
3477 0.00400738
3478 0.000820725
3479 0.00399765
3480 0.000818732
3481 0.00398794
3482 0.000816744
3483 0.00397826
3484 0.000814761
3485 0.0039686
3486 0.000812782
3487 0.00395896
3488 0.000810808
3489 0.00394935
3490 0.00080884
3491 0.00393976
3492 0.000806875
3493 0.00393019
3494 0.000804916
3495 0.00392065
3496 0.000802961
3497 0.00391113
3498 0.000801012
3499 0.00390163
3500 0.000799066
3501 0.00389216
3502 0.000797126
3503 0.0038827
3504 0.00079519
3505 0.00387328
3506 0.000793259
3507 0.00386387
3508 0.000791333
3509 0.00385449
3510 0.000789412
3511 0.00384513
3512 0.000787495
3513 0.00383579
3514 0.000785582
3515 0.00382648
3516 0.000783675
3517 0.00381718
3518 0.000781772
3519 0.00380791
3520 0.000779873
3521 0.00379867
3522 0.000777979
3523 0.00378944
3524 0.00077609
3525 0.00378024
3526 0.000774206
3527 0.00377106
3528 0.000772326
3529 0.0037619
3530 0.00077045
3531 0.00375277
3532 0.000768579
3533 0.00374366
3534 0.000766713
3535 0.00373457
3536 0.000764851
3537 0.0037255
3538 0.000762994
3539 0.00371645
3540 0.000761141
3541 0.00370743
3542 0.000759293
3543 0.00369842
3544 0.000757449
3545 0.00368944
3546 0.00075561
3547 0.00368048
3548 0.000753775
3549 0.00367155
3550 0.000751944
3551 0.00366263
3552 0.000750118
3553 0.00365374
3554 0.000748297
3555 0.00364486
3556 0.00074648
3557 0.00363601
3558 0.000744667
3559 0.00362718
3560 0.000742859
3561 0.00361837
3562 0.000741055
3563 0.00360959
3564 0.000739255
3565 0.00360082
3566 0.00073746
3567 0.00359208
3568 0.000735669
3569 0.00358336
3570 0.000733883
3571 0.00357465
3572 0.000732101
3573 0.00356597
3574 0.000730323
3575 0.00355731
3576 0.00072855
3577 0.00354868
3578 0.00072678
3579 0.00354006
3580 0.000725016
3581 0.00353146
3582 0.000723255
3583 0.00352289
3584 0.000721499
3585 0.00351433
3586 0.000719747
3587 0.0035058
3588 0.000717999
3589 0.00349729
3590 0.000716255
3591 0.00348879
3592 0.000714516
3593 0.00348032
3594 0.000712781
3595 0.00347187
3596 0.00071105
3597 0.00346344
3598 0.000709323
3599 0.00345503
3600 0.000707601
3601 0.00344664
3602 0.000705883
3603 0.00343827
3604 0.000704169
3605 0.00342992
3606 0.000702459
3607 0.00342159
3608 0.000700753
3609 0.00341328
3610 0.000699051
3611 0.00340499
3612 0.000697354
3613 0.00339672
3614 0.00069566
3615 0.00338848
3616 0.000693971
3617 0.00338025
3618 0.000692286
3619 0.00337204
3620 0.000690605
3621 0.00336385
3622 0.000688928
3623 0.00335568
3624 0.000687255
3625 0.00334753
3626 0.000685586
3627 0.00333941
3628 0.000683921
3629 0.0033313
3630 0.00068226
3631 0.00332321
3632 0.000680603
3633 0.00331514
3634 0.000678951
3635 0.00330709
3636 0.000677302
3637 0.00329906
3638 0.000675657
3639 0.00329104
3640 0.000674017
3641 0.00328305
3642 0.00067238
3643 0.00327508
3644 0.000670747
3645 0.00326713
3646 0.000669118
3647 0.00325919
3648 0.000667493
3649 0.00325128
3650 0.000665873
3651 0.00324338
3652 0.000664256
3653 0.00323551
3654 0.000662643
3655 0.00322765
3656 0.000661034
3657 0.00321981
3658 0.000659428
3659 0.003212
3660 0.000657827
3661 0.0032042
3662 0.00065623
3663 0.00319641
3664 0.000654636
3665 0.00318865
3666 0.000653046
3667 0.00318091
3668 0.000651461
3669 0.00317319
3670 0.000649879
3671 0.00316548
3672 0.000648301
3673 0.00315779
3674 0.000646726
3675 0.00315013
3676 0.000645156
3677 0.00314248
3678 0.000643589
3679 0.00313484
3680 0.000642026
3681 0.00312723
3682 0.000640467
3683 0.00311964
3684 0.000638912
3685 0.00311206
3686 0.00063736
3687 0.00310451
3688 0.000635813
3689 0.00309697
3690 0.000634269
3691 0.00308945
3692 0.000632729
3693 0.00308194
3694 0.000631192
3695 0.00307446
3696 0.000629659
3697 0.00306699
3698 0.00062813
3699 0.00305955
3700 0.000626605
3701 0.00305212
3702 0.000625083
3703 0.00304471
3704 0.000623566
3705 0.00303731
3706 0.000622051
3707 0.00302994
3708 0.000620541
3709 0.00302258
3710 0.000619034
3711 0.00301524
3712 0.000617531
3713 0.00300792
3714 0.000616031
3715 0.00300061
3716 0.000614535
3717 0.00299333
3718 0.000613043
3719 0.00298606
3720 0.000611554
3721 0.00297881
3722 0.000610069
3723 0.00297157
3724 0.000608588
3725 0.00296436
3726 0.00060711
3727 0.00295716
3728 0.000605636
3729 0.00294998
3730 0.000604165
3731 0.00294281
3732 0.000602698
3733 0.00293567
3734 0.000601234
3735 0.00292854
3736 0.000599774
3737 0.00292143
3738 0.000598318
3739 0.00291433
3740 0.000596865
3741 0.00290726
3742 0.000595416
3743 0.0029002
3744 0.00059397
3745 0.00289315
3746 0.000592527
3747 0.00288613
3748 0.000591089
3749 0.00287912
3750 0.000589653
3751 0.00287213
3752 0.000588221
3753 0.00286515
3754 0.000586793
3755 0.0028582
3756 0.000585368
3757 0.00285126
3758 0.000583947
3759 0.00284433
3760 0.000582529
3761 0.00283743
3762 0.000581114
3763 0.00283054
3764 0.000579703
3765 0.00282366
3766 0.000578295
3767 0.00281681
3768 0.000576891
3769 0.00280997
3770 0.00057549
3771 0.00280314
3772 0.000574092
3773 0.00279633
3774 0.000572698
3775 0.00278954
3776 0.000571308
3777 0.00278277
3778 0.00056992
3779 0.00277601
3780 0.000568536
3781 0.00276927
3782 0.000567156
3783 0.00276255
3784 0.000565779
3785 0.00275584
3786 0.000564405
3787 0.00274915
3788 0.000563034
3789 0.00274247
3790 0.000561667
3791 0.00273581
3792 0.000560303
3793 0.00272917
3794 0.000558942
3795 0.00272254
3796 0.000557585
3797 0.00271593
3798 0.000556231
3799 0.00270933
3800 0.00055488
3801 0.00270276
3802 0.000553533
3803 0.00269619
3804 0.000552189
3805 0.00268964
3806 0.000550848
3807 0.00268311
3808 0.00054951
3809 0.0026766
3810 0.000548176
3811 0.0026701
3812 0.000546845
3813 0.00266361
3814 0.000545517
3815 0.00265715
3816 0.000544192
3817 0.00265069
3818 0.000542871
3819 0.00264426
3820 0.000541552
3821 0.00263784
3822 0.000540237
3823 0.00263143
3824 0.000538925
3825 0.00262504
3826 0.000537617
3827 0.00261867
3828 0.000536311
3829 0.00261231
3830 0.000535009
3831 0.00260596
3832 0.00053371
3833 0.00259964
3834 0.000532414
3835 0.00259332
3836 0.000531121
3837 0.00258703
3838 0.000529831
3839 0.00258074
3840 0.000528545
3841 0.00257448
3842 0.000527261
3843 0.00256822
3844 0.000525981
3845 0.00256199
3846 0.000524703
3847 0.00255577
3848 0.000523429
3849 0.00254956
3850 0.000522158
3851 0.00254337
3852 0.00052089
3853 0.00253719
3854 0.000519625
3855 0.00253103
3856 0.000518364
3857 0.00252489
3858 0.000517105
3859 0.00251875
3860 0.000515849
3861 0.00251264
3862 0.000514596
3863 0.00250654
3864 0.000513347
3865 0.00250045
3866 0.0005121
3867 0.00249438
3868 0.000510857
3869 0.00248832
3870 0.000509616
3871 0.00248228
3872 0.000508379
3873 0.00247625
3874 0.000507144
3875 0.00247024
3876 0.000505913
3877 0.00246424
3878 0.000504684
3879 0.00245826
3880 0.000503459
3881 0.00245229
3882 0.000502236
3883 0.00244633
3884 0.000501016
3885 0.00244039
3886 0.0004998
3887 0.00243446
3888 0.000498586
3889 0.00242855
3890 0.000497375
3891 0.00242266
3892 0.000496168
3893 0.00241677
3894 0.000494963
3895 0.0024109
3896 0.000493761
3897 0.00240505
3898 0.000492562
3899 0.00239921
3900 0.000491366
3901 0.00239338
3902 0.000490173
3903 0.00238757
3904 0.000488982
3905 0.00238177
3906 0.000487795
3907 0.00237599
3908 0.00048661
3909 0.00237022
3910 0.000485429
3911 0.00236446
3912 0.00048425
3913 0.00235872
3914 0.000483074
3915 0.00235299
3916 0.000481901
3917 0.00234728
3918 0.000480731
3919 0.00234158
3920 0.000479563
3921 0.00233589
3922 0.000478399
3923 0.00233022
3924 0.000477237
3925 0.00232456
3926 0.000476078
3927 0.00231892
3928 0.000474922
3929 0.00231329
3930 0.000473769
3931 0.00230767
3932 0.000472618
3933 0.00230207
3934 0.000471471
3935 0.00229648
3936 0.000470326
3937 0.0022909
3938 0.000469184
3939 0.00228534
3940 0.000468044
3941 0.00227979
3942 0.000466908
3943 0.00227425
3944 0.000465774
3945 0.00226873
3946 0.000464643
3947 0.00226322
3948 0.000463515
3949 0.00225772
3950 0.000462389
3951 0.00225224
3952 0.000461266
3953 0.00224677
3954 0.000460146
3955 0.00224132
3956 0.000459029
3957 0.00223587
3958 0.000457914
3959 0.00223044
3960 0.000456802
3961 0.00222503
3962 0.000455693
3963 0.00221962
3964 0.000454586
3965 0.00221424
3966 0.000453482
3967 0.00220886
3968 0.000452381
3969 0.00220349
3970 0.000451283
3971 0.00219814
3972 0.000450187
3973 0.00219281
3974 0.000449094
3975 0.00218748
3976 0.000448003
3977 0.00218217
3978 0.000446915
3979 0.00217687
3980 0.00044583
3981 0.00217158
3982 0.000444747
3983 0.00216631
3984 0.000443667
3985 0.00216105
3986 0.00044259
3987 0.0021558
3988 0.000441515
3989 0.00215057
3990 0.000440443
3991 0.00214535
3992 0.000439374
3993 0.00214014
3994 0.000438307
3995 0.00213494
3996 0.000437242
3997 0.00212975
3998 0.000436181
3999 0.00212458
4000 0.000435121
4001 0.00211942
4002 0.000434065
4003 0.00211428
4004 0.000433011
4005 0.00210914
4006 0.000431959
4007 0.00210402
4008 0.00043091
4009 0.00209891
4010 0.000429864
4011 0.00209381
4012 0.00042882
4013 0.00208873
4014 0.000427779
4015 0.00208366
4016 0.00042674
4017 0.0020786
4018 0.000425704
4019 0.00207355
4020 0.00042467
4021 0.00206852
4022 0.000423639
4023 0.00206349
4024 0.00042261
4025 0.00205848
4026 0.000421584
4027 0.00205348
4028 0.00042056
4029 0.0020485
4030 0.000419539
4031 0.00204352
4032 0.00041852
4033 0.00203856
4034 0.000417504
4035 0.00203361
4036 0.00041649
4037 0.00202867
4038 0.000415478
4039 0.00202374
4040 0.000414469
4041 0.00201883
4042 0.000413463
4043 0.00201393
4044 0.000412459
4045 0.00200904
4046 0.000411457
4047 0.00200416
4048 0.000410458
4049 0.00199929
4050 0.000409462
4051 0.00199444
4052 0.000408467
4053 0.00198959
4054 0.000407475
4055 0.00198476
4056 0.000406486
4057 0.00197994
4058 0.000405499
4059 0.00197514
4060 0.000404514
4061 0.00197034
4062 0.000403532
4063 0.00196555
4064 0.000402552
4065 0.00196078
4066 0.000401574
4067 0.00195602
4068 0.000400599
4069 0.00195127
4070 0.000399626
4071 0.00194653
4072 0.000398656
4073 0.00194181
4074 0.000397688
4075 0.00193709
4076 0.000396722
4077 0.00193239
4078 0.000395759
4079 0.00192769
4080 0.000394798
4081 0.00192301
4082 0.000393839
4083 0.00191834
4084 0.000392883
4085 0.00191368
4086 0.000391929
4087 0.00190904
4088 0.000390977
4089 0.0019044
4090 0.000390028
4091 0.00189978
4092 0.00038908
4093 0.00189516
4094 0.000388136
4095 0.00189056
4096 0.000387193
4097 0.00188597
4098 0.000386253
4099 0.00188139
4100 0.000385315
4101 0.00187682
4102 0.000384379
4103 0.00187226
4104 0.000383446
4105 0.00186772
4106 0.000382515
4107 0.00186318
4108 0.000381586
4109 0.00185866
4110 0.000380659
4111 0.00185415
4112 0.000379735
4113 0.00184964
4114 0.000378813
4115 0.00184515
4116 0.000377893
4117 0.00184067
4118 0.000376975
4119 0.0018362
4120 0.00037606
4121 0.00183174
4122 0.000375147
4123 0.00182729
4124 0.000374236
4125 0.00182286
4126 0.000373327
4127 0.00181843
4128 0.00037242
4129 0.00181401
4130 0.000371516
4131 0.00180961
4132 0.000370614
4133 0.00180522
4134 0.000369714
4135 0.00180083
4136 0.000368816
4137 0.00179646
4138 0.00036792
4139 0.0017921
4140 0.000367027
4141 0.00178774
4142 0.000366136
4143 0.0017834
4144 0.000365247
4145 0.00177907
4146 0.00036436
4147 0.00177475
4148 0.000363475
4149 0.00177044
4150 0.000362592
4151 0.00176614
4152 0.000361712
4153 0.00176185
4154 0.000360833
4155 0.00175758
4156 0.000359957
4157 0.00175331
4158 0.000359083
4159 0.00174905
4160 0.000358211
4161 0.0017448
4162 0.000357341
4163 0.00174057
4164 0.000356474
4165 0.00173634
4166 0.000355608
4167 0.00173212
4168 0.000354744
4169 0.00172792
4170 0.000353883
4171 0.00172372
4172 0.000353024
4173 0.00171954
4174 0.000352166
4175 0.00171536
4176 0.000351311
4177 0.00171119
4178 0.000350458
4179 0.00170704
4180 0.000349607
4181 0.00170289
4182 0.000348758
4183 0.00169876
4184 0.000347911
4185 0.00169463
4186 0.000347066
4187 0.00169052
4188 0.000346224
4189 0.00168641
4190 0.000345383
4191 0.00168232
4192 0.000344544
4193 0.00167823
4194 0.000343708
4195 0.00167416
4196 0.000342873
4197 0.00167009
4198 0.00034204
4199 0.00166604
4200 0.00034121
4201 0.00166199
4202 0.000340381
4203 0.00165796
4204 0.000339555
4205 0.00165393
4206 0.00033873
4207 0.00164991
4208 0.000337907
4209 0.00164591
4210 0.000337087
4211 0.00164191
4212 0.000336268
4213 0.00163792
4214 0.000335452
4215 0.00163395
4216 0.000334637
4217 0.00162998
4218 0.000333825
4219 0.00162602
4220 0.000333014
4221 0.00162207
4222 0.000332205
4223 0.00161813
4224 0.000331399
4225 0.0016142
4226 0.000330594
4227 0.00161028
4228 0.000329791
4229 0.00160637
4230 0.00032899
4231 0.00160247
4232 0.000328191
4233 0.00159858
4234 0.000327394
4235 0.0015947
4236 0.000326599
4237 0.00159083
4238 0.000325806
4239 0.00158696
4240 0.000325015
4241 0.00158311
4242 0.000324226
4243 0.00157926
4244 0.000323439
4245 0.00157543
4246 0.000322653
4247 0.0015716
4248 0.00032187
4249 0.00156779
4250 0.000321088
4251 0.00156398
4252 0.000320308
4253 0.00156018
4254 0.00031953
4255 0.00155639
4256 0.000318755
4257 0.00155261
4258 0.000317981
4259 0.00154884
4260 0.000317208
4261 0.00154508
4262 0.000316438
4263 0.00154133
4264 0.00031567
4265 0.00153759
4266 0.000314903
4267 0.00153385
4268 0.000314138
4269 0.00153013
4270 0.000313376
4271 0.00152641
4272 0.000312615
4273 0.00152271
4274 0.000311856
4275 0.00151901
4276 0.000311098
4277 0.00151532
4278 0.000310343
4279 0.00151164
4280 0.000309589
4281 0.00150797
4282 0.000308837
4283 0.00150431
4284 0.000308087
4285 0.00150066
4286 0.000307339
4287 0.00149701
4288 0.000306593
4289 0.00149338
4290 0.000305848
4291 0.00148975
4292 0.000305106
4293 0.00148613
4294 0.000304365
4295 0.00148252
4296 0.000303626
4297 0.00147892
4298 0.000302888
4299 0.00147533
4300 0.000302153
4301 0.00147175
4302 0.000301419
4303 0.00146818
4304 0.000300687
4305 0.00146461
4306 0.000299957
4307 0.00146105
4308 0.000299229
4309 0.00145751
4310 0.000298502
4311 0.00145397
4312 0.000297777
4313 0.00145044
4314 0.000297054
4315 0.00144691
4316 0.000296333
4317 0.0014434
4318 0.000295613
4319 0.0014399
4320 0.000294895
4321 0.0014364
4322 0.000294179
4323 0.00143291
4324 0.000293465
4325 0.00142943
4326 0.000292752
4327 0.00142596
4328 0.000292041
4329 0.0014225
4330 0.000291332
4331 0.00141904
4332 0.000290625
4333 0.0014156
4334 0.000289919
4335 0.00141216
4336 0.000289215
4337 0.00140873
4338 0.000288513
4339 0.00140531
4340 0.000287812
4341 0.0014019
4342 0.000287113
4343 0.00139849
4344 0.000286416
4345 0.0013951
4346 0.00028572
4347 0.00139171
4348 0.000285027
4349 0.00138833
4350 0.000284335
4351 0.00138496
4352 0.000283644
4353 0.0013816
4354 0.000282955
4355 0.00137824
4356 0.000282268
4357 0.00137489
4358 0.000281583
4359 0.00137156
4360 0.000280899
4361 0.00136822
4362 0.000280217
4363 0.0013649
4364 0.000279536
4365 0.00136159
4366 0.000278858
4367 0.00135828
4368 0.00027818
4369 0.00135498
4370 0.000277505
4371 0.00135169
4372 0.000276831
4373 0.00134841
4374 0.000276159
4375 0.00134514
4376 0.000275488
4377 0.00134187
4378 0.000274819
4379 0.00133861
4380 0.000274152
4381 0.00133536
4382 0.000273486
4383 0.00133212
4384 0.000272822
4385 0.00132888
4386 0.00027216
4387 0.00132566
4388 0.000271499
4389 0.00132244
4390 0.000270839
4391 0.00131923
4392 0.000270182
4393 0.00131602
4394 0.000269526
4395 0.00131283
4396 0.000268871
4397 0.00130964
4398 0.000268218
4399 0.00130646
4400 0.000267567
4401 0.00130329
4402 0.000266917
4403 0.00130012
4404 0.000266269
4405 0.00129696
4406 0.000265622
4407 0.00129381
4408 0.000264977
4409 0.00129067
4410 0.000264334
4411 0.00128754
4412 0.000263692
4413 0.00128441
4414 0.000263052
4415 0.00128129
4416 0.000262413
4417 0.00127818
4418 0.000261776
4419 0.00127508
4420 0.00026114
4421 0.00127198
4422 0.000260506
4423 0.00126889
4424 0.000259873
4425 0.00126581
4426 0.000259242
4427 0.00126274
4428 0.000258613
4429 0.00125967
4430 0.000257985
4431 0.00125661
4432 0.000257358
4433 0.00125356
4434 0.000256733
4435 0.00125052
4436 0.00025611
4437 0.00124748
4438 0.000255488
4439 0.00124445
4440 0.000254868
4441 0.00124143
4442 0.000254249
4443 0.00123841
4444 0.000253631
4445 0.00123541
4446 0.000253015
4447 0.00123241
4448 0.000252401
4449 0.00122941
4450 0.000251788
4451 0.00122643
4452 0.000251177
4453 0.00122345
4454 0.000250567
4455 0.00122048
4456 0.000249958
4457 0.00121752
4458 0.000249351
4459 0.00121456
4460 0.000248746
4461 0.00121161
4462 0.000248142
4463 0.00120867
4464 0.000247539
4465 0.00120573
4466 0.000246938
4467 0.00120281
4468 0.000246338
4469 0.00119988
4470 0.00024574
4471 0.00119697
4472 0.000245143
4473 0.00119406
4474 0.000244548
4475 0.00119116
4476 0.000243954
4477 0.00118827
4478 0.000243362
4479 0.00118539
4480 0.000242771
4481 0.00118251
4482 0.000242181
4483 0.00117964
4484 0.000241593
4485 0.00117677
4486 0.000241007
4487 0.00117391
4488 0.000240421
4489 0.00117106
4490 0.000239838
4491 0.00116822
4492 0.000239255
4493 0.00116538
4494 0.000238674
4495 0.00116255
4496 0.000238095
4497 0.00115973
4498 0.000237516
4499 0.00115691
4500 0.00023694
4501 0.0011541
4502 0.000236364
4503 0.0011513
4504 0.00023579
4505 0.00114851
4506 0.000235218
4507 0.00114572
4508 0.000234647
4509 0.00114294
4510 0.000234077
4511 0.00114016
4512 0.000233508
4513 0.00113739
4514 0.000232941
4515 0.00113463
4516 0.000232376
4517 0.00113187
4518 0.000231811
4519 0.00112913
4520 0.000231249
4521 0.00112638
4522 0.000230687
4523 0.00112365
4524 0.000230127
4525 0.00112092
4526 0.000229568
4527 0.0011182
4528 0.00022901
4529 0.00111548
4530 0.000228454
4531 0.00111277
4532 0.0002279
4533 0.00111007
4534 0.000227346
4535 0.00110738
4536 0.000226794
4537 0.00110469
4538 0.000226243
4539 0.001102
4540 0.000225694
4541 0.00109933
4542 0.000225146
4543 0.00109666
4544 0.000224599
4545 0.001094
4546 0.000224054
4547 0.00109134
4548 0.00022351
4549 0.00108869
4550 0.000222967
4551 0.00108605
4552 0.000222426
4553 0.00108341
4554 0.000221885
4555 0.00108078
4556 0.000221347
4557 0.00107815
4558 0.000220809
4559 0.00107553
4560 0.000220273
4561 0.00107292
4562 0.000219738
4563 0.00107032
4564 0.000219204
4565 0.00106772
4566 0.000218672
4567 0.00106513
4568 0.000218141
4569 0.00106254
4570 0.000217611
4571 0.00105996
4572 0.000217083
4573 0.00105738
4574 0.000216556
4575 0.00105482
4576 0.00021603
4577 0.00105226
4578 0.000215505
4579 0.0010497
4580 0.000214982
4581 0.00104715
4582 0.00021446
4583 0.00104461
4584 0.000213939
4585 0.00104207
4586 0.00021342
4587 0.00103954
4588 0.000212901
4589 0.00103702
4590 0.000212384
4591 0.0010345
4592 0.000211869
4593 0.00103199
4594 0.000211354
4595 0.00102948
4596 0.000210841
4597 0.00102698
4598 0.000210329
4599 0.00102449
4600 0.000209818
4601 0.001022
4602 0.000209309
4603 0.00101952
4604 0.000208801
4605 0.00101704
4606 0.000208293
4607 0.00101457
4608 0.000207788
4609 0.00101211
4610 0.000207283
4611 0.00100965
4612 0.00020678
4613 0.0010072
4614 0.000206278
4615 0.00100475
4616 0.000205777
4617 0.00100231
4618 0.000205277
4619 0.000999879
4620 0.000204779
4621 0.000997451
4622 0.000204281
4623 0.000995029
4624 0.000203785
4625 0.000992613
4626 0.00020329
4627 0.000990203
4628 0.000202797
4629 0.000987798
4630 0.000202304
4631 0.000985399
4632 0.000201813
4633 0.000983007
4634 0.000201323
4635 0.000980619
4636 0.000200834
4637 0.000978238
4638 0.000200346
4639 0.000975863
4640 0.00019986
4641 0.000973493
4642 0.000199375
4643 0.000971129
4644 0.00019889
4645 0.000968771
4646 0.000198407
4647 0.000966418
4648 0.000197926
4649 0.000964072
4650 0.000197445
4651 0.00096173
4652 0.000196966
4653 0.000959395
4654 0.000196487
4655 0.000957065
4656 0.00019601
4657 0.000954741
4658 0.000195534
4659 0.000952423
4660 0.000195059
4661 0.00095011
4662 0.000194586
4663 0.000947803
4664 0.000194113
4665 0.000945501
4666 0.000193642
4667 0.000943205
4668 0.000193172
4669 0.000940915
4670 0.000192702
4671 0.00093863
4672 0.000192234
4673 0.000936351
4674 0.000191768
4675 0.000934077
4676 0.000191302
4677 0.000931809
4678 0.000190837
4679 0.000929546
4680 0.000190374
4681 0.000927289
4682 0.000189912
4683 0.000925037
4684 0.000189451
4685 0.000922791
4686 0.000188991
4687 0.00092055
4688 0.000188532
4689 0.000918315
4690 0.000188074
4691 0.000916085
4692 0.000187617
4693 0.00091386
4694 0.000187161
4695 0.000911641
4696 0.000186707
4697 0.000909427
4698 0.000186254
4699 0.000907219
4700 0.000185801
4701 0.000905016
4702 0.00018535
4703 0.000902818
4704 0.0001849
4705 0.000900626
4706 0.000184451
4707 0.000898439
4708 0.000184003
4709 0.000896257
4710 0.000183556
4711 0.000894081
4712 0.000183111
4713 0.00089191
4714 0.000182666
4715 0.000889744
4716 0.000182222
4717 0.000887583
4718 0.00018178
4719 0.000885428
4720 0.000181338
4721 0.000883278
4722 0.000180898
4723 0.000881133
4724 0.000180459
4725 0.000878993
4726 0.000180021
4727 0.000876859
4728 0.000179583
4729 0.000874729
4730 0.000179147
4731 0.000872605
4732 0.000178712
4733 0.000870486
4734 0.000178278
4735 0.000868372
4736 0.000177845
4737 0.000866264
4738 0.000177414
4739 0.00086416
4740 0.000176983
4741 0.000862062
4742 0.000176553
4743 0.000859968
4744 0.000176124
4745 0.00085788
4746 0.000175697
4747 0.000855797
4748 0.00017527
4749 0.000853719
4750 0.000174844
4751 0.000851646
4752 0.00017442
4753 0.000849577
4754 0.000173996
4755 0.000847514
4756 0.000173574
4757 0.000845456
4758 0.000173152
4759 0.000843403
4760 0.000172732
4761 0.000841355
4762 0.000172312
4763 0.000839312
4764 0.000171894
4765 0.000837274
4766 0.000171476
4767 0.000835241
4768 0.00017106
4769 0.000833213
4770 0.000170645
4771 0.000831189
4772 0.00017023
4773 0.000829171
4774 0.000169817
4775 0.000827157
4776 0.000169405
4777 0.000825149
4778 0.000168993
4779 0.000823145
4780 0.000168583
4781 0.000821146
4782 0.000168173
4783 0.000819152
4784 0.000167765
4785 0.000817163
4786 0.000167358
4787 0.000815179
4788 0.000166951
4789 0.000813199
4790 0.000166546
4791 0.000811225
4792 0.000166141
4793 0.000809255
4794 0.000165738
4795 0.000807289
4796 0.000165335
4797 0.000805329
4798 0.000164934
4799 0.000803374
4800 0.000164533
4801 0.000801423
4802 0.000164134
4803 0.000799477
4804 0.000163735
4805 0.000797535
4806 0.000163338
4807 0.000795598
4808 0.000162941
4809 0.000793667
4810 0.000162545
4811 0.000791739
4812 0.000162151
4813 0.000789817
4814 0.000161757
4815 0.000787899
4816 0.000161364
4817 0.000785985
4818 0.000160972
4819 0.000784077
4820 0.000160581
4821 0.000782173
4822 0.000160192
4823 0.000780273
4824 0.000159803
4825 0.000778379
4826 0.000159414
4827 0.000776489
4828 0.000159027
4829 0.000774603
4830 0.000158641
4831 0.000772722
4832 0.000158256
4833 0.000770846
4834 0.000157872
4835 0.000768974
4836 0.000157488
4837 0.000767106
4838 0.000157106
4839 0.000765244
4840 0.000156724
4841 0.000763385
4842 0.000156344
4843 0.000761532
4844 0.000155964
4845 0.000759682
4846 0.000155585
4847 0.000757838
4848 0.000155208
4849 0.000755997
4850 0.000154831
4851 0.000754162
4852 0.000154455
4853 0.00075233
4854 0.00015408
4855 0.000750503
4856 0.000153705
4857 0.000748681
4858 0.000153332
4859 0.000746863
4860 0.00015296
4861 0.000745049
4862 0.000152588
4863 0.00074324
4864 0.000152218
4865 0.000741435
4866 0.000151848
4867 0.000739635
4868 0.00015148
4869 0.000737839
4870 0.000151112
4871 0.000736047
4872 0.000150745
4873 0.00073426
4874 0.000150379
4875 0.000732476
4876 0.000150014
4877 0.000730698
4878 0.000149649
4879 0.000728923
4880 0.000149286
4881 0.000727153
4882 0.000148923
4883 0.000725388
4884 0.000148562
4885 0.000723626
4886 0.000148201
4887 0.000721869
4888 0.000147841
4889 0.000720116
4890 0.000147482
4891 0.000718367
4892 0.000147124
4893 0.000716623
4894 0.000146767
4895 0.000714883
4896 0.00014641
4897 0.000713147
4898 0.000146055
4899 0.000711415
4900 0.0001457
4901 0.000709687
4902 0.000145346
4903 0.000707964
4904 0.000144993
4905 0.000706245
4906 0.000144641
4907 0.00070453
4908 0.00014429
4909 0.000702819
4910 0.00014394
4911 0.000701112
4912 0.00014359
4913 0.00069941
4914 0.000143241
4915 0.000697712
4916 0.000142894
4917 0.000696017
4918 0.000142547
4919 0.000694327
4920 0.0001422
4921 0.000692641
4922 0.000141855
4923 0.000690959
4924 0.000141511
4925 0.000689281
4926 0.000141167
4927 0.000687607
4928 0.000140824
4929 0.000685938
4930 0.000140482
4931 0.000684272
4932 0.000140141
4933 0.00068261
4934 0.000139801
4935 0.000680953
4936 0.000139461
4937 0.000679299
4938 0.000139123
4939 0.00067765
4940 0.000138785
4941 0.000676004
4942 0.000138448
4943 0.000674363
4944 0.000138112
4945 0.000672725
4946 0.000137776
4947 0.000671091
4948 0.000137442
4949 0.000669462
4950 0.000137108
4951 0.000667836
4952 0.000136775
4953 0.000666214
4954 0.000136443
4955 0.000664597
4956 0.000136112
4957 0.000662983
4958 0.000135781
4959 0.000661373
4960 0.000135451
4961 0.000659767
4962 0.000135122
4963 0.000658165
4964 0.000134794
4965 0.000656566
4966 0.000134467
4967 0.000654972
4968 0.00013414
4969 0.000653382
4970 0.000133815
4971 0.000651795
4972 0.00013349
4973 0.000650212
4974 0.000133166
4975 0.000648633
4976 0.000132842
4977 0.000647058
4978 0.00013252
4979 0.000645487
4980 0.000132198
4981 0.000643919
4982 0.000131877
4983 0.000642356
4984 0.000131557
4985 0.000640796
4986 0.000131237
4987 0.00063924
4988 0.000130918
4989 0.000637688
4990 0.0001306
4991 0.000636139
4992 0.000130283
4993 0.000634594
4994 0.000129967
4995 0.000633053
4996 0.000129651
4997 0.000631516
4998 0.000129337
4999 0.000629983
5000 0.000129022
5001 0.000628453
5002 0.000128709
5003 0.000626927
5004 0.000128397
5005 0.000625404
5006 0.000128085
5007 0.000623886
5008 0.000127774
5009 0.000622371
5010 0.000127463
5011 0.000620859
5012 0.000127154
5013 0.000619352
5014 0.000126845
5015 0.000617848
5016 0.000126537
5017 0.000616347
5018 0.00012623
5019 0.000614851
5020 0.000125923
5021 0.000613358
5022 0.000125618
5023 0.000611868
5024 0.000125313
5025 0.000610382
5026 0.000125008
5027 0.0006089
5028 0.000124705
5029 0.000607421
5030 0.000124402
5031 0.000605946
5032 0.0001241
5033 0.000604475
5034 0.000123798
5035 0.000603007
5036 0.000123498
5037 0.000601543
5038 0.000123198
5039 0.000600082
5040 0.000122899
5041 0.000598625
5042 0.0001226
5043 0.000597171
5044 0.000122303
5045 0.000595721
5046 0.000122006
5047 0.000594275
5048 0.000121709
5049 0.000592831
5050 0.000121414
5051 0.000591392
5052 0.000121119
5053 0.000589956
5054 0.000120825
5055 0.000588523
5056 0.000120531
5057 0.000587094
5058 0.000120239
5059 0.000585668
5060 0.000119947
5061 0.000584246
5062 0.000119656
5063 0.000582827
5064 0.000119365
5065 0.000581412
5066 0.000119075
5067 0.00058
5068 0.000118786
5069 0.000578592
5070 0.000118497
5071 0.000577187
5072 0.00011821
5073 0.000575785
5074 0.000117923
5075 0.000574387
5076 0.000117636
5077 0.000572992
5078 0.000117351
5079 0.000571601
5080 0.000117066
5081 0.000570213
5082 0.000116781
5083 0.000568828
5084 0.000116498
5085 0.000567447
5086 0.000116215
5087 0.000566069
5088 0.000115933
5089 0.000564694
5090 0.000115651
5091 0.000563323
5092 0.00011537
5093 0.000561955
5094 0.00011509
5095 0.000560591
5096 0.000114811
5097 0.000559229
5098 0.000114532
5099 0.000557871
5100 0.000114254
5101 0.000556517
5102 0.000113976
5103 0.000555165
5104 0.0001137
5105 0.000553817
5106 0.000113424
5107 0.000552472
5108 0.000113148
5109 0.000551131
5110 0.000112873
5111 0.000549792
5112 0.000112599
5113 0.000548457
5114 0.000112326
5115 0.000547125
5116 0.000112053
5117 0.000545797
5118 0.000111781
5119 0.000544471
5120 0.00011151
5121 0.000543149
5122 0.000111239
5123 0.00054183
5124 0.000110969
5125 0.000540515
5126 0.000110699
5127 0.000539202
5128 0.00011043
5129 0.000537893
5130 0.000110162
5131 0.000536587
5132 0.000109895
5133 0.000535283
5134 0.000109628
5135 0.000533984
5136 0.000109362
5137 0.000532687
5138 0.000109096
5139 0.000531393
5140 0.000108831
5141 0.000530103
5142 0.000108567
5143 0.000528816
5144 0.000108303
5145 0.000527532
5146 0.00010804
5147 0.000526251
5148 0.000107778
5149 0.000524973
5150 0.000107516
5151 0.000523698
5152 0.000107255
5153 0.000522426
5154 0.000106995
5155 0.000521158
5156 0.000106735
5157 0.000519892
5158 0.000106476
5159 0.00051863
5160 0.000106217
5161 0.00051737
5162 0.000105959
5163 0.000516114
5164 0.000105702
5165 0.000514861
5166 0.000105445
5167 0.00051361
5168 0.000105189
5169 0.000512363
5170 0.000104934
5171 0.000511119
5172 0.000104679
5173 0.000509878
5174 0.000104425
5175 0.00050864
5176 0.000104171
5177 0.000507404
5178 0.000103918
5179 0.000506172
5180 0.000103666
5181 0.000504943
5182 0.000103414
5183 0.000503717
5184 0.000103163
5185 0.000502494
5186 0.000102912
5187 0.000501274
5188 0.000102662
5189 0.000500056
5190 0.000102413
5191 0.000498842
5192 0.000102164
5193 0.000497631
5194 0.000101916
5195 0.000496422
5196 0.000101669
5197 0.000495217
5198 0.000101422
5199 0.000494014
5200 0.000101176
5201 0.000492815
5202 0.00010093
5203 0.000491618
5204 0.000100685
5205 0.000490424
5206 0.00010044
5207 0.000489233
5208 0.000100197
5209 0.000488045
5210 9.99532e-05
