1 7.91815e+06
2 247712
3 92114
4 42243.2
5 25142.5
6 16332.9
7 14722.3
8 25459.6
9 9531.46
10 7570.17
11 6543.78
12 5178.22
13 5053.4
14 33927.7
15 4053.94
16 3354.17
17 2993.62
18 2612.89
19 2095.26
20 1891.05
21 5883.32
22 1556.52
23 1389.91
24 1481.46
25 1308.2
26 1034.67
27 4320.85
28 915.406
29 928.463
30 821.809
31 762.182
32 703.509
33 741.252
34 2148.84
35 661.237
36 584.285
37 477.375
38 404.104
39 402.896
40 5425.32
41 442.626
42 375.967
43 345.852
44 394.516
45 343.957
46 3123.39
47 316.836
48 298.494
49 265.867
50 206.164
51 179.494
52 691.534
53 200.782
54 178.51
55 151.432
56 180.626
57 175.418
58 270.924
59 216.726
60 155.247
61 126.581
62 131.904
63 114.735
64 124.513
65 259.372
66 117.798
67 101.879
68 85.4121
69 87.135
70 90.6063
71 732.14
72 98.2676
73 88.3772
74 100.615
75 101.91
76 104.474
77 1210.58
78 101.016
79 84.7309
80 89.9869
81 78.9342
82 80.6019
83 1095.19
84 72.7119
85 78.2458
86 78.4072
87 83.7833
88 74.8038
89 92.4823
90 120.745
91 68.3785
92 70.556
93 82.7916
94 78.242
95 86.2301
96 1117.19
97 85.1513
98 82.7141
99 85.1019
100 86.4009
101 82.2062
102 664.17
103 74.7731
104 70.9114
105 61.5285
106 60.7155
107 52.6789
108 479.706
109 49.7659
110 45.3178
111 41.3121
112 42.4094
113 51.5881
114 500.936
115 42.1471
116 37.3535
117 37.8786
118 43.0492
119 41.0377
120 496.313
121 40.3626
122 35.6544
123 40.0263
124 40.434
125 34.879
126 461.198
127 33.9309
128 38.3701
129 33.6572
130 34.0045
131 54.5958
132 81.0756
133 44.7701
134 49.1764
135 67.2265
136 54.0663
137 79.6049
138 81.1241
139 49.8671
140 53.6887
141 42.7287
142 41.2015
143 186.693
144 46.8088
145 49.6812
146 39.3786
147 47.4082
148 42.068
149 211.299
150 30.1575
151 26.927
152 24.4696
153 29.8199
154 24.3114
155 339.76
156 31.9642
157 23.5545
158 26.5319
159 27.6077
160 28.0406
161 357.906
162 33.4233
163 26.872
164 28.0829
165 34.6924
166 34.2717
167 409.703
168 39.4673
169 32.5315
170 23.6525
171 25.0693
172 25.7508
173 129.631
174 27.3511
175 22.3774
176 28.4697
177 25.61
178 21.7696
179 103.081
180 25.666
181 21.6313
182 23.5413
183 26.1738
184 24.3005
185 41.0291
186 22.2153
187 25.9751
188 18.4997
189 17.3848
190 17.5353
191 25.0729
192 11.5101
193 15.3066
194 11.8188
195 12.5096
196 20.3893
197 19.175
198 11.5009
199 12.5468
200 10.9747
201 10.6705
202 27.8017
203 14.5511
204 12.7123
205 15.4431
206 13.7503
207 14.5342
208 27.3731
209 14.2385
210 13.8879
211 13.7158
212 17.8139
213 13.4134
214 56.2947
215 19.529
216 13.9599
217 13.2135
218 14.4652
219 12.0798
220 86.1442
221 16.9104
222 10.218
223 13.018
224 8.9534
225 10.5301
226 128.882
227 11.1653
228 10.5659
229 12.9215
230 13.2643
231 15.8152
232 196.402
233 10.8263
234 10.5148
235 9.78367
236 13.9749
237 14.2909
238 20.0862
239 16.8421
240 10.181
241 12.7381
242 11.6151
243 83.3036
244 12.6694
245 9.12245
246 13.9323
247 8.2747
248 9.73566
249 116.329
250 7.30708
251 11.3474
252 7.24699
253 9.87013
254 7.54479
255 21.5228
256 9.27379
257 5.40451
258 6.73389
259 9.12087
260 41.7615
261 7.64893
262 9.1399
263 6.04871
264 7.49573
265 7.37451
266 82.9023
267 5.00203
268 8.36654
269 5.35562
270 8.59136
271 7.80317
272 7.3985
273 8.27732
274 5.92486
275 6.35282
276 4.6967
277 86.2467
278 7.46818
279 6.09617
280 6.97708
281 9.29519
282 6.34519
283 34.0224
284 6.4703
285 4.09201
286 4.67102
287 4.46931
288 8.23945
289 3.95803
290 4.7262
291 3.51148
292 3.27911
293 3.43494
294 20.6806
295 3.19192
296 6.26681
297 3.98986
298 3.91688
299 4.75774
300 26.1253
301 4.37462
302 4.19863
303 3.19377
304 3.15365
305 4.38125
306 4.12001
307 1.87449
308 2.41262
309 2.3059
310 1.70593
311 34.6488
312 2.37864
313 2.83034
314 4.39582
315 3.15232
316 5.36578
317 17.9724
318 6.37165
319 4.02959
320 7.75496
321 10.0963
322 21.2566
323 7.3398
324 7.16926
325 11.1224
326 6.87355
327 9.8866
328 207.465
329 17.4436
330 8.6085
331 17.5261
332 19.0477
333 52.7048
334 9.77612
335 18.495
336 19.9508
337 8.91365
338 4.37003
339 26.1067
340 7.29154
341 9.0966
342 3.54572
343 3.55751
344 32.511
345 6.03792
346 7.87188
347 5.18663
348 4.36374
349 9.40828
350 32.7461
351 4.44577
352 3.57791
353 3.67799
354 9.95482
355 64.1603
356 6.34454
357 2.95737
358 3.45103
359 5.83366
360 8.36932
361 13.8672
362 4.03105
363 4.75422
364 8.34904
365 11.4195
366 134.942
367 5.66099
368 5.52964
369 11.5242
370 11.5513
371 16.1227
372 4.63383
373 2.85111
374 3.18071
375 7.95349
376 9.44437
377 45.4629
378 3.62255
379 1.72089
380 2.57028
381 3.62255
382 19.6686
383 4.2222
384 2.13904
385 0.813782
386 0.382016
387 0.300751
388 2.04419
389 0.453578
390 2.13485
391 7.25945
392 19.74
393 319.311
394 14.0285
395 7.3973
396 4.63402
397 3.2346
398 1.82931
399 1.14394
400 0.31533
401 0.19132
402 0.503027
403 0.0621948
404 0.0404823
405 0.0145217
406 0.0055428
407 0.0556822
408 0.00318613
409 0.00172054
410 0.00099563
411 0.000492681
412 0.00210417
413 0.000227678
414 9.76033e-05
415 5.69661e-05
